1.171419335861450417e+00
1.314373542911777548e+00
8.201108517607176296e-01
9.272032599570458888e-01
1.251522646753584489e+00
6.956590358349515890e-01
1.163440981505875493e+00
9.059485630011778756e-01
7.690100026900783536e-01
7.785368820220838204e-01
8.228402585089145127e-01
6.901734970126170987e-01
6.581626486040110802e-01
9.490714691825233862e-01
8.629042229176068224e-01
8.268237484024002493e-01
1.010768417714740464e+00
9.589943666786391319e-01
7.987998890166553290e-01
7.184496070946011503e-01
7.968734878024938961e-01
1.000642103887230627e+00
1.064536819583707272e+00
9.953334729592877572e-01
7.856133799005261542e-01
1.017779423516308901e+00
