8.722361147140048065e-03
2.247923657626435534e-02
-2.390978601975426304e-02
-1.828739943864431117e-02
-6.118611744222476542e-03
-1.907000998871387571e-03
-1.666676735169206336e-02
1.010729060502885482e-02
1.099203160431734723e-02
-1.121121395186897018e-02
-1.253064985595011248e-02
-9.149541142555478457e-03
-1.560830861728761294e-03
8.852606597425324332e-04
-1.010837514186909911e-02
-8.055444102439210038e-03
5.909547591221089684e-03
6.315780236743567463e-03
2.723127580311295970e-04
-1.122872039998114996e-02
3.423525869299610773e-03
-1.905053820049962265e-02
-1.350434095334521276e-04
-1.296622889719419892e-02
-2.050396287119029409e-02
1.594009354766633482e-02
1.201904606202226430e-02
-2.764737466296856433e-02
1.463346976021903841e-02
-3.316126812751366286e-04
1.309128884069544856e-02
-2.927702800884118828e-02
-5.718278115987198394e-03
-1.323792933220819482e-03
-2.310989819240605314e-02
8.240884481791327723e-03
1.600945982015983607e-03
-6.288503432523999230e-03
-4.116584291909074558e-03
1.763502551718090783e-02
-1.102104041513463258e-02
-1.738831258844017458e-02
-1.808921096959870828e-02
-2.440650584677243190e-03
1.812251754448667221e-02
-3.091747870499591752e-02
-3.096659011683192912e-03
-2.336259189599204644e-03
-2.098640500513570021e-04
1.646549237432469101e-02
-2.936820359571844577e-02
1.112258656823127828e-02
-1.888889730378737891e-02
2.181567462691573998e-03
-2.280914905084945737e-02
1.959715245208546244e-02
-1.658284549087241794e-02
-5.390031374868209380e-03
2.100635090577110484e-03
-1.366807251781819443e-02
-1.938478549532178172e-02
1.785636107076479101e-02
-1.335763496221920553e-02
1.945716496363981930e-03
2.001974045257725113e-02
-7.893831546170096804e-04
-8.862052391790968195e-03
-1.291928833559757676e-02
-2.315740363886220794e-03
-7.267774357286688365e-03
1.153385251036327143e-02
1.135899535755079473e-02
5.054182808744625034e-03
1.802331240260606968e-02
1.552659933179300483e-02
-2.038410093638206438e-02
1.233722655090643827e-02
-8.285580902314709784e-03
-5.035578251955126657e-03
3.144640936721186924e-03
3.656054515515708841e-03
2.153069499603890453e-03
-2.114178688831681863e-02
1.165212300845756659e-02
1.568621536007108568e-03
-1.040572608958373162e-02
-1.307085927368775886e-02
-1.687402689649522992e-03
3.228357318845609912e-03
-2.298790426034548560e-03
2.122041964616387666e-02
2.267390341514973970e-02
-2.127639069695903482e-02
-1.007278350620931066e-02
1.462680272176749945e-03
-1.750875697627491887e-02
-2.259157611395100265e-03
4.691478458658261685e-02
-1.990849157746195711e-02
-7.799681891394035990e-03
-1.810185201482405679e-02
-1.952447955205538835e-02
1.018145279631160922e-02
-1.871211605963604696e-02
1.796953076485606048e-03
7.868163476685618996e-03
1.031042388416223039e-02
-1.798312897351309189e-03
-2.201101708448000016e-02
9.378079150569144928e-03
-1.548512322681628098e-02
-2.007913713345653092e-02
2.605547295066839610e-03
-9.477876233491173974e-03
1.107865203838019272e-02
-2.042746330766827614e-02
1.505822797864591646e-02
1.970108402024227032e-02
2.110815019898563266e-02
6.992668071353337796e-03
-1.223772197649429516e-02
-1.989576190828770685e-02
1.113748586901014415e-02
-1.205819583525529620e-02
1.401233956413265591e-02
-1.864258895241723002e-02
-2.296587479866755294e-02
-1.087457342370470002e-02
7.419396535133009280e-04
-6.384817263220740439e-03
-1.666104759596673257e-02
2.384217593488777761e-03
-2.113830892016145980e-03
-9.701352464755634911e-03
5.665449500285846957e-03
-1.833740979174407204e-02
1.728643396557657998e-03
8.917264428857615485e-03
1.503849802562029492e-02
1.665132822566347398e-02
7.674932889507627039e-03
1.197279442648920694e-02
-5.625458904852332666e-03
-2.182227928475151402e-02
2.689671309228710595e-03
1.369616799778371544e-02
-2.172198764096879703e-02
-2.176062713293278397e-02
-5.591042297567410009e-03
2.731030293243410720e-02
1.135071012465850050e-02
-7.093477720417081835e-03
-2.167819996368680613e-02
1.834073497345550113e-02
4.634791804927711374e-03
1.083838003336151830e-02
-2.582237976342291116e-02
-1.442598135584120637e-02
1.629529234114771019e-02
1.499076749555768810e-03
1.262040734750783863e-02
2.743410685042212138e-03
-2.117942750351133746e-02
-1.589718986007377169e-02
-5.844642099312544019e-03
-2.197206694050551912e-02
-9.971802059153966544e-03
-6.583348228270359363e-03
4.303928301180097622e-03
2.297339197529200971e-04
-4.883556234515303712e-03
-2.213890813307310690e-02
8.359774930655958919e-03
1.997197006757548549e-02
1.685067092076766295e-03
1.240009937009420304e-02
1.502062268014266004e-02
-2.061414476444673946e-02
-1.540095682961251967e-02
1.167757272236906105e-02
-1.533638897067194848e-02
-1.985579370918336140e-02
2.005970551208838965e-02
1.150447554818949565e-02
1.090435501731660227e-02
-2.116414210574258520e-02
7.398447734547065370e-03
2.232916231016395317e-02
-1.296117432767653586e-02
-6.512350899974327784e-03
3.814058482846268555e-03
-1.214848340096073192e-03
4.781759624392248852e-03
1.711445850301967012e-02
1.521859666036991764e-02
1.778911561829892019e-02
1.694415194915274356e-02
7.746933337123884482e-03
-3.251840382012300464e-03
-7.433201526834583295e-03
9.990336203791718578e-03
2.033893740778775720e-03
-2.795824176189565941e-02
5.460601070287382508e-03
1.976976070143635078e-02
-1.147974478927029501e-02
-7.986568241636992846e-03
-1.146868976107172193e-02
3.363583042331723914e-03
-1.799455334514269561e-02
-2.852534300187792912e-03
1.576889332372587507e-02
-3.501227112487410430e-03
1.872073226842990658e-04
1.983422220319594042e-03
-1.535940407531052876e-02
-1.354220822952362582e-02
-1.912219560370783181e-02
1.878226552377079001e-02
1.820365382029681981e-03
-4.757149028623690670e-03
7.393562189325108766e-03
8.650024976795504805e-03
-9.676885591257605029e-03
4.939971666378760798e-03
1.964933566330877637e-02
-3.343280445358718777e-03
-9.498868698510997896e-03
-1.818791454598116600e-02
6.168690300109643844e-03
6.599053326346602209e-03
-1.642871440577790354e-03
-5.205544275598719510e-03
1.413230513506610712e-02
-2.125190280956919947e-03
1.576720853864084851e-02
2.247498684504395036e-02
-1.054154253779003569e-02
2.253064932896100409e-02
-1.454193312472122808e-02
-1.126352360388548600e-03
7.520623622559385706e-03
1.148028026859280841e-02
1.511178648793390020e-02
-2.176758179915965364e-03
-9.257923708055407208e-03
-3.744901901669178690e-03
2.865892318668545203e-03
-7.328146252724434921e-03
3.871891371743870630e-03
-2.775489337897315070e-02
-2.056250213194127374e-02
1.855123015208546070e-02
-2.229770135200623282e-02
7.588834606474552900e-03
2.151240308462100490e-03
-1.037363457138144353e-02
-1.967138711607012078e-02
1.093341779514561858e-02
-1.279045055430399515e-02
1.261850777979367164e-02
-2.076255891755997979e-03
1.786111847552684234e-02
-6.172359680630510811e-03
-2.732017706730167916e-02
-2.287707345679015555e-02
3.525467787544477993e-03
2.092317420001520330e-03
-2.482316669776092610e-02
-2.088377148725957099e-03
-1.992699251709192931e-02
-1.667064691717108724e-03
-1.094922259315472476e-02
1.891864634264729325e-02
1.379249443094216843e-03
7.882252167738790921e-03
2.557676371631681378e-02
1.438478252373301403e-02
6.855554063064527373e-03
-2.567058173715875986e-03
3.856385464297625888e-03
1.083443785464608018e-02
-1.019140327368439972e-02
8.119814397914568637e-04
7.053649757396115820e-03
1.618420060626480804e-03
6.069173976369362936e-04
-1.109811752444532507e-02
-8.634466646607436360e-03
-2.460492895586272738e-02
2.289549344168888972e-02
1.953159451627309307e-02
-1.896308907583245731e-02
-6.220613710737936874e-04
1.022952303123463198e-02
2.382127211466652725e-02
9.794004200010204830e-03
5.158029036141533949e-03
-2.728243789351419285e-02
-1.830578184899232103e-02
1.051653964924976863e-02
-6.065729321093836154e-03
-1.201371798221533352e-02
-3.018070141407148878e-03
-1.930925652198830708e-02
2.029776639036969671e-02
-7.608295145242464919e-03
-2.139779586950094417e-02
-4.410171638730111393e-03
-9.050270816524395856e-03
7.194860751768397721e-04
-1.886902027966749079e-02
2.134294284100503661e-03
-2.040296282010586881e-02
-6.860933649840107555e-03
-4.522160557453483443e-03
-1.251603020717655514e-04
-2.298440486597272576e-03
-4.917008571893152248e-03
-7.279209677718727518e-03
2.314180372439219539e-03
5.542377118451688803e-03
-4.090307289105075440e-03
8.103511049832026400e-03
-5.890480472679007068e-03
1.543552838138807434e-02
-6.055469394476174771e-03
1.370832649586650742e-02
-3.553601519408415132e-03
-2.797342181525478561e-02
-1.889856136856225832e-02
2.482404828200202116e-03
2.330895381315453707e-02
1.393217212620199855e-03
1.492729625467040591e-02
-1.881587396536049672e-02
-1.107304080839902928e-02
-1.227961329464850350e-02
-3.060163967528766599e-03
4.951475388332558271e-03
4.654396716492570883e-03
1.817623561138166297e-02
-9.064581227831705265e-04
1.288650933114681221e-02
-2.710043128175992563e-02
-9.070536925349911850e-03
7.105432157640618508e-03
-1.211801018393842853e-03
-1.863702511528925534e-02
7.534099939180211730e-03
2.964464798160356806e-03
-1.687965716208115682e-02
-2.799568919137516293e-02
7.582077637775637424e-03
-1.813678467631903895e-03
9.816624404761373213e-03
-4.971625619268350491e-03
-1.836401561543317060e-02
6.279755009650226510e-03
-3.986299014185659163e-03
2.033584057828046777e-03
-1.792803742062669750e-02
1.797242842126233961e-02
-5.928512341700299497e-03
-2.076017358988145947e-02
1.657163701033149972e-02
2.078350231380549432e-02
-1.248813209824284516e-02
-1.928688889119285158e-03
7.644744626612875495e-04
-1.020530010511411755e-02
-1.624578496050494564e-02
1.370434313529273265e-02
-2.678663091853885139e-02
1.181186586763421399e-02
-9.441404465363425341e-03
-1.312339666597727925e-02
-9.336776967312243949e-03
-1.286893476104297371e-02
-1.863038479015525009e-02
-1.619422707472523495e-02
9.606576506144919297e-04
-6.506373516263991817e-03
-2.086078426744286500e-03
-2.229509285275808536e-02
2.910974803488259200e-03
4.595654513829806193e-03
8.252391109472232908e-03
-1.327433486643533368e-02
-4.570336287785028810e-03
1.946300670166478501e-03
5.457685019435798771e-03
-2.016855736328595702e-02
-5.872226005958081606e-03
-5.697604199663188970e-03
-1.859194243104714261e-02
1.703981252539342808e-02
-1.637477986624519613e-02
9.955888238793378711e-03
4.355287335450772415e-03
-1.572057706270039643e-02
-7.384365570917750948e-03
-3.022995644593362563e-02
-1.228860034588736237e-02
7.733672253489923092e-03
-2.157078985633417365e-02
-1.150810981831535199e-02
1.443463890637816313e-02
-1.531827328027780995e-02
1.299477361149043407e-02
-6.141852507895766838e-03
-2.141422327574734816e-02
-1.332842207017832445e-02
-2.295354417012546167e-02
1.051866551767631323e-02
-1.146392441881882024e-02
-1.383876731261001261e-02
-9.881811836723602624e-03
-2.248399836240933328e-02
-1.186852361773281864e-02
-2.047325675143841367e-02
1.188838690273756604e-02
-4.403600189995710327e-06
-2.153231467849867423e-02
2.016321671223868239e-02
1.551740841561064649e-02
1.664066240475355063e-02
5.150059608408494305e-02
-1.463869532712238491e-02
2.334360187462671313e-04
-1.474674107616947942e-02
1.319235967260970650e-02
9.533727033252347577e-03
-1.504530196513263751e-02
-8.457177874643194426e-03
-1.681031532161792949e-02
9.537822681157138993e-03
-9.799455147819160117e-05
3.618393021356444087e-03
7.438254422503293682e-03
3.446051883797093558e-03
4.990458106488691696e-03
-5.285143681241779093e-03
-1.278163135370962052e-02
-1.024691631365372453e-02
-1.710781531074211798e-02
-2.557656722025122842e-02
4.286521885296364597e-03
-4.133854032225569609e-03
8.924198081917722111e-03
1.532081085287843869e-03
2.342576271360357829e-02
-1.891737026301134120e-02
-2.537095361454299799e-02
-1.067782820422590907e-02
1.567863466267753123e-02
1.170138864965460622e-02
-2.758062517720367632e-02
-8.150511285005134984e-03
-8.241997906072882560e-03
-5.431321539412030039e-03
4.200761125122681868e-04
-5.942561677360302247e-03
1.221440864846370586e-02
1.293863774848520720e-02
1.148146053304007104e-02
1.604451399088026309e-02
-1.298700544567986566e-02
-9.245419160941714329e-03
-1.574810903314706120e-02
-3.862095676275709155e-02
-5.459888013825646555e-04
-9.142132540251951545e-03
9.198150514902641781e-03
-7.813923960274074196e-03
1.568273204714655186e-02
-1.201341666005323501e-02
-2.779080672727868989e-02
-1.577189804789749100e-02
4.324478337424463893e-03
1.125230611218586488e-02
1.257119937872030330e-02
-1.225442342795811032e-02
-1.405526958577044822e-03
-9.396237051751247377e-03
-6.915348996254021968e-03
6.996598248317618778e-03
-8.673842227256355411e-03
-6.848565943108915650e-03
1.206979579760612082e-03
6.935570090362963049e-03
7.570075588319075642e-03
8.462351266366768821e-03
1.514162722730465552e-02
-1.781049119670452541e-02
-1.161134256521293654e-03
-5.639088568381853735e-04
2.313449404260995747e-03
1.857731377884059079e-02
-3.224201453579921689e-02
-1.195621665085017972e-02
-1.099898558900415206e-02
1.280103285877163752e-02
-3.255892635084318715e-03
1.352930226474437919e-02
1.693584215778505542e-02
9.069822281410757497e-03
-2.250192132306220658e-02
-2.115872924099639063e-02
1.802643926856123402e-02
-1.474515131729046968e-02
-3.288685089544862803e-03
2.108933663338429659e-02
9.309062844658362243e-03
-4.198073886860649237e-03
1.427149676558261450e-02
6.992559695092936956e-03
-6.425578866565712782e-03
-9.701287659994705867e-03
1.821613658741884356e-02
1.940484859733101683e-02
-4.211572685852221602e-03
1.066739471492951855e-02
-8.923904787280037901e-03
3.642558402191034550e-03
7.185592375338942413e-03
-1.432187947622697369e-02
-1.006470034004391424e-02
-1.501252951071183235e-02
-1.987762679096530000e-03
1.869454183614705986e-02
-5.985324496731372380e-03
-4.442799130970963989e-03
-5.877776377655991036e-03
-4.863933624092538904e-03
-1.151957711155974021e-02
9.509032762126622823e-03
1.633077707788725685e-02
-2.389030897233014594e-02
-1.832752908228956965e-02
8.979125640958601426e-03
-1.773766918971405801e-02
-3.026431101876440183e-02
-1.729348216652972295e-02
1.506824431232786296e-02
-2.128659411853332448e-02
-1.138400191725089626e-02
-5.545874258571316167e-04
-7.704601947062255166e-03
1.994615773769586875e-02
1.639219955182777758e-02
8.339851934441946685e-04
5.082752880801118082e-03
-1.510327758542274502e-02
-2.108146439368388178e-02
3.342210741315855028e-03
-7.528156229664449174e-03
-1.389555363945453245e-02
2.173532455599516168e-03
-1.880522183735590033e-02
-1.955868014535748142e-02
-2.812899518197624002e-02
-2.171700422422511226e-02
-1.357693238144504905e-02
1.565751143074566032e-02
1.142449040124353214e-02
-1.617375097519082802e-02
1.892080554600772055e-02
-2.013516251851141942e-02
2.409591984047137689e-02
-2.492107813523043378e-02
6.645799095181293380e-03
9.013600869098640361e-03
-1.960520675111200248e-02
-2.026469167296260712e-02
-5.957232774328606248e-03
1.107714762621714246e-04
-2.012125748498463321e-03
2.084601127960952760e-02
8.068584625130718196e-03
-9.106435674268187688e-03
1.288698782058687355e-02
-2.902822300453876750e-02
-2.988799686125700322e-02
1.018984109634864590e-02
3.430074896060075502e-03
-3.017560246026845805e-02
3.886090536366798229e-03
-2.232964704068496689e-02
1.057227156994406704e-02
-9.038837744071829411e-03
-2.073829234146906328e-02
5.033592203751826970e-03
3.159286940967387207e-03
5.455174661279716015e-03
2.170977189697346696e-02
9.066120359305089582e-03
1.219118886094204025e-02
-1.161342840188566393e-02
-2.510818450977858607e-02
8.713287348145512534e-03
-2.223193953297915044e-03
-1.102803972647907818e-02
1.916289850392827870e-02
-9.108290299839356258e-03
-2.737593096053390559e-02
-1.955474214145869541e-02
-2.007136239165310809e-02
-2.915291047571012123e-02
-2.211355536963544033e-02
-2.678807493617098648e-02
-1.044362948299887295e-02
-1.968880042190378904e-02
1.773437818003836125e-02
-2.384183872110991198e-02
2.051492506849851918e-02
-2.080744440897295405e-02
7.696845319029962940e-03
-2.844852589447143670e-02
1.152821602842661781e-02
1.352736917612284984e-02
-2.788411222970725296e-04
1.119745043297443003e-03
2.215560146825826769e-03
-5.386171786378532965e-03
1.542565919966686246e-03
-1.336324533991837572e-02
-1.399327689257527478e-02
1.645620130255628921e-02
1.637151821526659431e-02
-1.023760322743744004e-02
-1.228809387444429295e-02
-1.572118849526691828e-02
1.056054906889692183e-02
-1.016294192885097182e-02
-2.349875955381622999e-02
6.897417649813405646e-03
1.361871766665366523e-02
7.980922128954881165e-03
-2.028460090512297469e-03
1.572071484641438118e-04
1.241565721474976580e-03
-1.273589097454832716e-02
-1.486400217408953041e-02
1.850934720610104139e-02
-8.594560156331115808e-03
3.719928386645277810e-03
-1.803445697051757682e-02
7.654631740769914441e-03
-2.652599406154253409e-04
1.605291271292759100e-02
1.558785839999164528e-02
-1.351443635863626772e-02
2.028157340629276398e-02
-1.010212186979661357e-02
9.782530291032848213e-03
-1.070343169754962333e-02
7.027207385584469460e-03
1.163320746109422141e-02
2.007604845677580727e-02
-8.116362067861815355e-03
-9.830517522309954390e-03
1.426629121044559190e-02
1.383166109387710388e-03
-1.621791461421786748e-02
-6.895164640409475951e-03
-1.190302001979203113e-02
-1.786559163089334809e-02
1.280763351977909142e-03
-3.581429299822303392e-03
5.558566005078867910e-03
5.581133770431505325e-03
-2.237260987853735908e-02
-8.705473296942281558e-03
-2.983576684349434002e-02
9.163036655536686836e-03
8.277679389264864726e-03
-2.015960196369174021e-02
9.147672776523768168e-04
8.099005394344662226e-03
-2.733194358710821711e-02
-1.059499912159750194e-02
8.061131819724069031e-03
1.802816285632140606e-03
-2.124951187810209668e-02
-1.088455414097281790e-02
-2.777070854873375794e-02
-4.793616323946163081e-04
8.847180805380798138e-03
1.219424621914038699e-02
1.008271117666302563e-02
8.783411695312149520e-03
-1.044630019839141478e-02
1.664946700527908038e-02
-2.533772642444244438e-02
1.825142792317753157e-02
-4.434494728019412746e-03
7.687330937978174329e-03
-3.360778354431196227e-03
2.037898892085799121e-02
-1.955897669093153990e-02
-2.717423213846224470e-02
7.050277199363245290e-03
-3.921084172422142021e-04
1.571152220377632774e-02
-1.522980538938245067e-02
1.485329367098736295e-02
-6.989524857627985553e-03
-2.847862279289650744e-02
1.845741712689068573e-02
1.193628030866531256e-02
-1.678552581721299772e-02
1.633169437252319708e-02
6.062518910090018351e-03
-1.174615504894688939e-02
8.448452258419971578e-03
-3.723197700845480747e-03
1.212437434195697862e-02
-1.518136780754831758e-02
-9.653008767659522135e-03
3.184707488940669799e-03
1.498741399748913794e-02
-2.506074669311375916e-02
8.236155746787843582e-04
-5.254223182516820807e-03
7.482200741785351508e-03
-1.341712317683218820e-03
2.476571767682169464e-03
1.037827738202063560e-02
-1.687675351753156056e-02
3.011838392110259815e-03
9.913678323115699548e-03
4.578537689039770264e-03
8.654818468186806918e-03
2.038554916395253491e-02
2.422171700685420148e-02
5.814610370928306737e-02
-3.416119507851954340e-02
-1.417135745967738024e-02
-1.267064499968344193e-02
-9.558780577167354936e-03
7.833203501835670629e-03
1.118592124355765813e-02
1.027319390757332890e-02
-2.464083645664220164e-04
-1.682802029224078350e-04
-9.006502536191620398e-04
-5.495209926438478047e-03
-1.197255510689223916e-02
-1.531013825971457194e-02
-1.211248694584578581e-02
-1.994321304480510190e-02
1.188810539199283093e-03
-1.915495177113957920e-02
-2.826835990879173616e-02
1.567153871002551629e-02
2.413602112865211383e-02
-1.285377994327784913e-02
-1.100583702380152247e-02
-1.021407368514536985e-02
-2.270506662864986425e-02
1.878222631869614842e-02
2.360749544533787686e-02
-4.509647301788160742e-03
1.452239891816502725e-02
3.238079462354273835e-03
-1.465166957124408587e-02
5.459029676675171416e-03
2.035232079462058474e-02
3.518169040106960965e-03
1.742344990491185653e-03
1.605015450115921880e-02
9.716195772387576160e-03
-3.129458048129269560e-02
-2.323163178191595471e-02
2.010132859370120095e-02
-2.177704429405924805e-02
-4.783074101805442555e-03
6.914670815587206643e-03
1.996056558750823606e-02
-1.504137615049010342e-02
-4.414243620823424773e-03
-1.667455269546251834e-03
1.352636791529474372e-02
1.084634877374365987e-02
1.415839954478834324e-02
-9.094483654377105014e-03
-7.385709666737174002e-03
2.687667744647999433e-03
-3.052155370643316575e-04
-1.741722049889783339e-02
-2.832676523263413446e-02
-2.580403961651532227e-02
8.267687201887082699e-03
2.940582769923030890e-03
-5.925490010635658424e-03
3.870995933187387078e-03
-2.622368711225403839e-02
1.913177541140654442e-02
-3.949590079349046649e-03
2.295763001212961299e-02
-1.095741845929111211e-02
4.828239351714816788e-03
-1.381557872142200527e-03
-2.644515594712464231e-03
-1.003645413427889377e-02
2.080235357015529276e-03
-6.679935909174517482e-03
-1.927784531119451639e-02
-1.360574366263917964e-02
-1.723427528171132470e-02
-2.945042017563494208e-03
-1.475760671761185963e-03
-2.374699623761445787e-03
9.172956474105356008e-04
-2.767888535550112883e-02
1.189904594169479898e-02
2.182660893283397668e-03
-2.379263290169904982e-03
-1.611846473921065004e-02
-2.136332737205042138e-03
9.843217793041553892e-03
9.471101496994123806e-03
-2.320957863447534533e-02
-3.889379065488580371e-03
3.385745135147345906e-03
-1.042218523378605870e-02
-1.179642439168378416e-02
2.436051576391712412e-03
1.018325684957212263e-02
1.490871967972121027e-03
1.342372368290050029e-02
-1.199298385485978412e-02
-5.460755755827369738e-03
-1.339601746127339413e-02
-7.024684000591855347e-03
-2.974500574899878458e-02
1.505349152377098579e-03
1.393570431528869114e-02
-6.125285865276207733e-03
1.913199929826631118e-02
-1.408512199642331531e-03
7.675219885608365773e-03
1.437531121112424265e-03
-2.214700450660824632e-02
1.151665104935854604e-02
6.309609919997102682e-03
-1.110444436483492593e-02
-2.759709328795265093e-02
-1.541596535124526920e-02
-1.034771018858525460e-02
-1.841907018051613248e-02
-5.499659156933833608e-03
2.829916525575556629e-03
-4.678078917620305706e-03
-2.093261453085555612e-02
1.441928886925877493e-02
-1.941674534052412887e-02
-3.421527954738089530e-03
-1.130930974078101295e-02
-1.129554936765378784e-02
5.560566424517190791e-03
5.861971328945753124e-03
2.239594648952174250e-03
1.173409692660203583e-02
-9.460883808969623721e-03
-1.509780280241130451e-02
-2.468728971527010124e-02
2.113132077530023578e-02
-2.147220022589488644e-02
-6.125144268490399085e-03
1.423991604105126138e-02
6.610185175084939795e-03
-1.094137708276946008e-02
1.920450624330934455e-02
-2.021035675460687228e-02
-1.534073875010519110e-02
-2.038525170791191318e-02
-4.973443250898867789e-03
-1.683351368899379500e-04
-8.907355188278296863e-04
5.461286454926688426e-03
1.136414771364608559e-03
9.272103915496954576e-03
-9.080689227697141819e-03
-2.972538393585094467e-03
-2.207837987511895514e-02
2.894338839419425234e-03
-2.201864039141079692e-03
1.166911724001979365e-02
-2.466326169809039681e-03
-1.985321173694800170e-02
1.886072050549266257e-02
-7.748838419054750182e-03
-2.151843279288073382e-02
1.315869031366459843e-02
-1.132536412032901160e-02
1.946948796936328815e-02
-1.556026004636893410e-02
2.063517063738649904e-02
-2.976706634181135961e-03
2.342493828724275689e-04
-3.068521977082384021e-03
-1.547755202361509805e-02
-2.705803484707029055e-02
5.314815904884044942e-03
2.049340675754403665e-02
-6.561752687472354774e-03
-1.485050980020956833e-02
-1.340030009580761919e-02
-6.889036029988009763e-03
1.791183901108728228e-03
-1.621148019535561050e-02
-3.151139001161398952e-03
-2.152543331006044006e-03
1.148485475786834194e-02
-7.280563660647909954e-03
-1.834674643215455578e-02
1.626098079051995979e-02
1.141086024071786241e-02
-6.859467294400519756e-03
2.979356321339447951e-03
2.316277439734924521e-03
1.088951139715075254e-02
1.570017717318789377e-02
2.705519389683608712e-03
8.365578282261610168e-03
7.896341167473541409e-03
-3.781338554345506538e-03
-5.378581606891637105e-03
-2.076860914876373695e-03
7.609114586917796637e-03
3.275112398530972968e-02
-1.956245294391838890e-02
-8.780035425773941764e-04
2.805295826669628768e-03
1.132302448922233896e-02
-1.352220249347952860e-02
3.036196709313355568e-03
-1.642514063660933596e-02
1.338577124636441788e-02
-1.358661070265180897e-02
-8.929547127717287619e-03
-1.378247534610313289e-02
-9.664917773785303493e-03
-1.988091840091712678e-02
-1.152502181368901361e-02
-3.798189035218090155e-03
9.416210230614582496e-03
2.876540445023523934e-02
-1.198247545179270158e-02
1.058606195652780349e-03
-2.286540497382087700e-02
-6.190043043934357996e-03
2.021733063269528022e-03
-4.520275084040790634e-03
6.464037428003961867e-03
-1.550252055926101304e-02
-2.090981167991742828e-02
-1.816536621892354472e-02
4.706399987217378157e-03
1.072454251358776096e-02
4.807408526807407587e-03
1.471454759293949928e-02
1.031690035190705075e-02
1.773843514007132985e-02
-1.114682486758795076e-02
4.842353456007188368e-03
-1.118622089911661469e-02
3.207226896645277645e-03
-1.788510784471962836e-02
-2.719961846812241416e-02
-2.825365012635154029e-03
1.117460106241758601e-02
-2.364220547455797052e-03
-6.620621032517389967e-03
1.104777145443346272e-02
1.328831751030505734e-03
-1.380386665560242622e-02
-1.711608073066273397e-02
1.591938319915713052e-02
-1.115197702495085257e-02
8.186562753719188066e-04
-1.054627698269542876e-02
-2.293476192660024240e-02
-1.251578499380752788e-02
-1.761540812064354977e-02
-1.112420968304835694e-02
1.103635044373870062e-02
-1.455533442997447927e-02
1.662771988614778623e-02
-3.446322471832742075e-03
7.362219938433355038e-03
1.230835028040347390e-03
1.740185877630245556e-02
-1.047981758856183707e-02
-1.905309030710514509e-02
3.274220588275062772e-03
7.429105292090273926e-03
2.041337769808818786e-02
7.060091785167140616e-03
1.451655145255381018e-05
8.159637374438885246e-03
-7.784051753950287783e-03
-8.985178405426941933e-03
-7.550155925284039943e-04
-1.734281955544753062e-02
4.485008726061438800e-03
1.027429173557778755e-02
9.289229982169739178e-03
6.450065403728545872e-03
-2.932987430678618210e-02
-1.554981818961645966e-02
4.431416727871149291e-03
-1.629687379394256438e-02
-1.257691918959052794e-02
-1.711098424402791862e-02
5.270604912606359320e-03
8.305417011180640449e-03
-2.839038719045189688e-02
2.223298213890084057e-02
1.319148918286539712e-02
-8.252674354361916320e-04
1.040222151353561997e-02
-1.668607920793827720e-02
-1.890670172983503175e-05
1.398500523492525460e-02
-1.302993758916432335e-02
-5.074859096959299237e-03
-1.874288920049875865e-02
3.285766014106472795e-03
2.332976000881300041e-02
1.094192866390169237e-02
1.408116483864689343e-02
4.131026496328202811e-03
1.978298902436009116e-02
-1.657948900743139511e-02
-9.590957051992473475e-03
-5.811141174744747888e-04
-6.928752959221989860e-03
-2.949026738808113030e-02
-1.143511767845010844e-02
7.966612057141619213e-03
2.226001392596551470e-02
-8.476665272357197106e-03
-1.327222348232533558e-02
-2.104165652625741151e-02
1.566895673907934064e-02
1.685554497956338882e-02
1.356845092251532207e-02
-1.340687774144308161e-02
7.194933404044165457e-04
-3.595670454458209375e-02
-5.352298162722022613e-03
-1.873271154732933375e-02
9.135436725408016892e-03
2.868526052749851771e-02
3.345778442007605203e-03
6.806868505038370272e-03
4.811915360617715319e-03
9.053982654772025143e-03
1.905402227681026600e-02
-4.752119398641683860e-03
-2.843669672737983087e-02
2.149803098018584005e-02
5.372585761585133533e-03
-1.371229725032113364e-02
-1.515825496577384926e-02
-1.568191407843431626e-02
2.461188825861376425e-02
1.115286692750077149e-02
7.729388215979298045e-03
1.302710212452997361e-02
1.049553189368650392e-02
-7.433722938198997036e-03
-1.849678756404458599e-02
-1.810740207711778946e-02
1.619495131092671403e-02
-1.008091170510978622e-02
-3.396385429332521820e-03
3.567596959075114709e-04
5.130059849661690145e-03
1.291613673153698717e-02
6.658666217134789032e-03
-7.915977277980179930e-03
-1.414916898307095119e-02
-1.759052848928870094e-02
-5.401794198959670480e-03
2.080959679009538460e-02
-1.026405878959045156e-02
-1.379854176339863694e-02
-5.959415123006596253e-03
2.047240819824451552e-02
8.901808882918757840e-03
-1.256646563368265211e-02
-1.556112538244103227e-02
-1.518476517021481037e-02
1.863025800958127004e-02
-2.192755354581173502e-02
1.738172326911061744e-02
5.766180419487173386e-03
1.890276336690682041e-02
-2.031012028098966998e-02
-1.887818787497476392e-02
1.238657664895393556e-02
5.125505389631010433e-03
2.033891414623301142e-02
-2.040883495937920178e-02
-2.774377030455799781e-02
2.864353027302492336e-03
1.283492051778953530e-03
6.668846890872040523e-02
-6.370939652873667397e-03
-1.020993478254056917e-02
-2.106657487438431259e-02
1.031194017503987530e-02
9.940395930129986360e-03
1.638898651263567471e-02
-6.825668432161730026e-03
1.918655440354960842e-02
-3.564501347443704751e-03
-2.371275115482877546e-02
5.853457505008758180e-03
1.636645229623804286e-03
-8.879076235390659724e-03
5.458501339788764117e-03
2.144308215730315881e-02
-8.684538980947830236e-03
-5.916591787427212534e-03
1.393438287170381323e-03
-2.679777506330614789e-02
8.257774364007690153e-04
-1.623567374626270002e-02
7.001547544314623214e-03
8.406925655174262704e-04
-6.033585457402328850e-03
-9.982854510778052873e-03
1.112307297925350068e-02
7.272380551971942275e-03
-2.043914699119985315e-02
-2.020114948902823615e-02
3.520252592655414084e-03
-1.916468451601774023e-02
-5.957710222837414929e-03
1.360619967797155848e-02
2.266076823958905473e-02
-2.554023191551306818e-03
6.501278368598721949e-03
5.745203650617080986e-03
7.668629477693175538e-04
-1.030106918252681608e-02
-6.881666701241740715e-03
-9.141430053559166519e-03
-1.899776439795752836e-02
-4.369778975636205015e-03
-1.102059039709713320e-02
-7.307467844907588120e-03
-1.976047169228165729e-02
5.069281400545497078e-03
1.701472583574206027e-02
-2.716084764567462673e-02
-2.205340125331394212e-03
-1.516394885542464129e-03
-1.735515479011246615e-02
2.541079856467311150e-04
1.681748976763666747e-02
-1.793172710201876990e-02
-1.640498720955396381e-02
-2.106010851507482060e-02
8.561931062731183151e-03
3.279611662061784178e-04
1.540053211871098351e-02
1.121398770050236957e-02
-9.866031380729060191e-03
5.034678707806544175e-03
-2.174668248227372772e-02
-1.644950951591023919e-02
-2.509649403295926423e-02
-5.952005518389647844e-03
7.542128286140899543e-03
-4.575603571368139569e-03
-7.587420937515197521e-03
7.196726677120795059e-04
-3.818294203023914375e-03
1.322103337591398232e-02
8.911335350580291623e-03
-9.085182729744368038e-03
1.091226129934435608e-02
1.360780263029415238e-02
-1.169319299583177277e-02
2.290505870395175003e-02
-6.779901159638570228e-03
2.057235385165465807e-02
-1.266423492311677911e-02
-1.577900287590847800e-02
2.442237771331571758e-02
8.473955556901049610e-03
-2.261801227469830648e-03
-1.211599346391574548e-03
1.932192271568108910e-02
5.994590463918269413e-03
1.637606903288138863e-02
-1.375706775425814508e-02
6.895126392110283815e-05
-9.218265815552944414e-03
-4.546668746173476543e-03
1.289018008106430045e-02
-2.146178362697962264e-02
1.060415799115644285e-02
-6.958622668112224643e-03
7.537044665949311877e-03
-2.865301916405145130e-02
-2.834170769195975756e-02
-2.125669541479642544e-02
1.330178086630824652e-02
-1.297446109685235910e-02
2.175025945097516957e-05
-1.739551344714005895e-02
1.185589891044848236e-02
1.657524594446399199e-02
1.571901584302325063e-04
-1.438359671737832537e-02
7.599842677039738391e-03
1.942792847749156768e-02
1.321177145627955817e-02
-1.139130399536367015e-02
9.181320123292232085e-03
-1.966134906605120775e-02
-2.194204734378710220e-02
1.305418716924869153e-02
-1.102993167805406231e-02
2.901380039494228305e-02
-9.799256422516297235e-03
-2.292416209263856142e-02
9.830691772795177585e-03
-2.013518458543118658e-02
2.193861631590147444e-03
1.206273305239582419e-03
-1.696580750823181369e-02
-1.404035177079406525e-02
-1.766467019217674407e-03
1.168433843279359681e-02
-2.647910808548215381e-02
-1.396670768983926045e-02
-3.082120803625304582e-03
1.313458066627201312e-02
-7.085756087789883348e-03
1.713946035976472064e-03
1.753526015900416096e-02
6.088247691001421637e-03
6.431296680718462042e-03
-1.830150685778294400e-02
-9.530087750533308699e-03
1.111819646329785527e-02
1.846182933239176246e-02
9.262932382755832000e-03
1.424620521698608845e-02
1.980641767296768135e-02
-1.506884248933270699e-02
1.232917514245471247e-02
2.200255095116925019e-02
6.146018068789081690e-03
6.969881596700707761e-03
-8.669431595650867184e-03
1.887827686341555719e-02
-3.155784470073787640e-04
1.667776803153815657e-02
-1.229103675295436723e-02
1.544719307204346116e-02
-2.358920201098032091e-02
-8.627926432352635636e-03
1.471323180030507504e-03
-3.252606493830673129e-02
-2.128052209695377721e-05
-1.752783619660147271e-02
2.091774524277237660e-02
1.891092163929662629e-03
-1.438870146071322478e-02
1.090809967821462258e-02
2.738234908279328032e-03
-2.637042875054336835e-02
1.589035125808559157e-02
-1.236028135436017562e-03
1.416477731516808773e-02
-2.135366801233771344e-02
-2.290403546886926253e-02
4.877403551655119796e-03
8.493139062629230171e-03
1.343804228497341192e-02
-3.089670060162645962e-02
-3.849690734960722178e-04
-1.993133342043914083e-02
1.224531185864269692e-02
2.374820891322120334e-02
-2.198355127615449212e-02
-1.660883782605076034e-02
-1.795817581721245379e-02
9.882481803743906751e-03
-6.103330213083277278e-03
-1.768590873567586763e-02
-2.149066011163930021e-02
4.986643634141625300e-03
7.783422968313596750e-03
-2.124617292982210540e-02
2.062756480843642298e-02
-1.678090766634540362e-02
3.401388076330624528e-03
1.244779837335307192e-02
1.187238337263819138e-02
2.109526427810140548e-02
-2.516653328056333606e-03
1.532208136663866863e-02
-1.937013245837945416e-02
-3.885514604055170535e-03
-2.854538025528333568e-03
-1.092423972040700540e-02
1.799507488460402004e-03
-8.393757511941600177e-03
1.123968074998771228e-03
-1.568997092487092780e-03
3.738180567221189438e-02
2.100782578555942040e-02
2.042865175677843412e-02
7.456186322390161506e-03
4.031764450826939329e-03
1.396437238725472402e-02
1.340867465259367591e-02
-3.702172304468429737e-02
1.904173860294683385e-02
-2.023470001772408391e-02
-1.057328852056915736e-02
2.440602300477030806e-02
-1.802490793170493169e-02
1.225983997644642005e-02
-1.021425059367383342e-02
1.388898425309835136e-02
7.021861394770265857e-03
-3.363454938548860601e-02
-1.876682686907414285e-02
1.821738752183743246e-02
1.362668603116830648e-02
2.123007583660361033e-02
1.793182843319196182e-02
1.878086857851957517e-02
-2.338158242653913879e-02
-2.304748758586108986e-03
2.197722070264016697e-02
-1.664323187444143384e-02
-3.625321535296014471e-03
-6.015804688493856141e-03
1.912992316446689677e-03
9.738728506402975424e-03
-4.355595742409367789e-03
2.006252317075381958e-02
1.793050408181855182e-02
4.149258709710015544e-04
1.142606057959931649e-02
-6.316435170904935621e-03
-2.322550463542237889e-02
7.688408001716493141e-03
-1.431215257417270403e-02
-3.799862017265495662e-03
9.664822296215028630e-04
2.196789526989750135e-02
3.499914067901429074e-03
-1.519379752840619921e-02
-8.599776558604943499e-03
-7.912197246063066777e-03
-1.159088984139108880e-02
1.877689982459045462e-02
-3.441904885162493620e-03
1.241221028490304551e-02
1.639921907779074220e-02
1.766787772165569204e-02
2.129036169358177952e-02
-2.843851492453518606e-03
-1.961867610396040434e-02
-1.172146670642012709e-02
-9.946628675669911407e-03
-4.152307978120743192e-04
9.951836926050514412e-03
1.299428662489901694e-02
-7.974160867176526002e-04
-1.406110956133398149e-02
-1.158577401029975071e-02
-2.405909086151149234e-02
2.400690790519034810e-03
-8.576528134294486919e-03
6.957729198471239614e-03
2.089541470509210467e-03
-2.385659947824448832e-02
4.872062678643081755e-03
-2.869081366212966958e-03
-9.686115405768372377e-03
-8.107317227915042477e-04
1.269337135700197329e-03
-1.591709739574831764e-02
2.459627416861587604e-03
1.727948671541795420e-02
-2.183672622450523113e-02
1.354274726000887115e-02
-2.366536470393893268e-02
-9.962903372740914906e-03
1.095348783038894991e-02
5.568274201414904513e-03
-9.258252977973970704e-03
4.247000309428273709e-03
-1.445701769280791603e-02
-3.702574775433968481e-03
1.108458780999741454e-02
1.238031879304106117e-02
-1.204097098193122363e-02
6.557374464834842855e-03
1.075015657120796143e-02
1.913791249713836171e-02
-1.035596923902937401e-03
-7.418937544076771064e-03
-6.452245690780044826e-03
9.932286380148313675e-04
3.300259004142349056e-03
-2.346569334405887268e-03
1.052298523645855619e-02
-1.020837675525006552e-02
-1.552028723262958119e-02
-1.870513223738465639e-02
-6.095291898965161069e-03
-2.046376082407487182e-02
1.768174924175321475e-02
9.883049077283479616e-03
1.832154183649539747e-02
-4.770666423124618472e-04
9.006836622081564048e-03
-1.951683979852371006e-02
3.781361073805939669e-03
1.429152614477655330e-03
-2.407115102431306582e-04
-8.902233262139055969e-03
1.346941765304903414e-02
-1.820941861939234796e-02
-2.197189742997372828e-03
-6.421795469783928012e-03
-1.897313658764583112e-04
2.581475038465282350e-03
1.003480797788583630e-02
2.947830496772350060e-03
1.303353563713171431e-02
-1.899819635790224448e-02
1.698439591011687011e-02
-1.153491255200309214e-02
8.694662805682524739e-03
-1.303434133210509133e-02
1.523589855189132550e-02
1.518422491949877710e-02
1.496354149315909723e-02
9.941937491357676418e-03
-8.975972621283757544e-03
1.771777278778299131e-02
-5.499221169947615326e-03
-1.897473557832961982e-02
1.887955688235650950e-02
1.290965555482183726e-03
1.403467107021116834e-03
-2.719109563908182758e-02
-1.370003803284906493e-02
2.321020246950764032e-02
6.095607953016858420e-03
3.730712395351651334e-02
5.798706774320571897e-03
-7.188780751963296835e-03
-1.637733342010934401e-02
-2.535963388450683184e-02
-2.442569961929909762e-03
-7.368712885967624270e-03
-1.107673579440274572e-02
4.760788220162666916e-03
-7.253549515956612265e-03
6.656558255728038491e-03
-1.057571208376812018e-02
4.199026267834516518e-03
-6.839672015471456347e-03
-5.395524462271416091e-03
-2.471359098920471523e-02
1.283505806633133441e-02
-1.422197550075617566e-02
8.156664681977034842e-03
-1.429535332997376208e-02
2.147010321978110731e-02
8.719794472993189216e-03
1.156017947070353026e-02
-2.008760707661370534e-02
-7.725352424505232832e-04
-1.269940886585506010e-02
-2.110995157586131182e-02
-3.718862568015829980e-03
2.292191338559272304e-02
3.682762742695025720e-03
7.089600612813436870e-03
-1.699362734281700121e-02
2.488438900629586295e-02
-3.473733776925074651e-02
-2.738200780623556430e-02
-2.138682731138851281e-02
-2.433977410862828497e-02
-2.593806026893171607e-02
2.408854624035193515e-03
-2.062817763757872694e-02
9.388411413209981141e-03
2.110210840322272741e-02
-9.478995854318475814e-03
1.237153534910021523e-02
-9.847379799737559017e-03
1.310437730393300415e-02
-2.381603465994166016e-02
7.828715523700938497e-03
-1.671177773703029154e-02
-2.194068124264518180e-02
-8.453940523590478331e-03
-2.663825742068676519e-02
1.257647328171319911e-02
-1.903968719634396498e-02
-4.266000871969726394e-04
1.805451416223368202e-02
3.211589676583756405e-03
2.114860364500830911e-02
-2.233292278198081501e-02
-2.192374595995384961e-03
-6.438463378835074594e-03
1.398532572230191430e-02
-9.321237548123108979e-03
-1.937679392914412602e-02
-1.525657763822276837e-03
-1.048654242071914676e-02
-1.465224689353478594e-03
2.118077649112037539e-02
1.711184226952921703e-02
-2.379131562029581856e-02
9.689589037032984506e-03
5.827332229360099661e-03
-1.110865199024380599e-02
-1.358052068405090664e-02
4.116939780630885469e-03
-2.093211402847976535e-02
-1.243256147808511312e-02
-4.096047267280482698e-03
-7.400471435799847210e-03
3.027466490330548658e-03
-2.601296922518877772e-02
1.612753674903773249e-02
-1.924030930188331406e-02
3.432244446368895932e-03
1.340994284443586260e-02
-5.891695715321424234e-03
-2.408393454612683948e-02
-1.609671484734764846e-02
1.639189984885070991e-02
1.172672745995000272e-02
5.701323442851994119e-03
-3.596742858657229515e-03
6.747499774189511662e-03
1.230434347732469944e-02
-6.563697874025394875e-03
3.195733207472286827e-03
1.450973524693084486e-02
1.325343680613743323e-02
-2.007262814010737223e-02
1.186926686816831486e-02
-3.582639309329122088e-03
-1.147701161720546086e-02
9.532407484132286030e-03
-1.407960414658966999e-02
-8.546254730595049393e-03
1.666926702398932592e-02
1.754511127003606161e-02
-2.321538278185732856e-02
7.142947942191407544e-03
1.193912954249550830e-02
2.244826686935687959e-02
-8.271495602304040212e-03
7.130308948655901362e-03
-2.442859222861017143e-02
1.625838666849625455e-02
2.058135013897915977e-02
-1.005760698084659684e-02
1.077656600285876488e-02
-2.327748128713085299e-02
2.659771763907998066e-03
1.938021486124270540e-02
-3.419139131709279193e-03
-2.130112395978833381e-02
-1.148080163350053426e-03
-3.409182154801280919e-03
-2.135496006500109227e-03
-1.186197666560782384e-02
7.965890835651162627e-03
-2.590390173505796242e-03
2.202326858268119011e-02
2.420338737953100020e-02
-1.174703659893128714e-02
2.241153564846423696e-02
-3.066611374083449970e-02
-1.004055304707309436e-02
-5.465989647088806240e-04
-2.290672953686464022e-02
1.836629111505656484e-02
-3.338142145504170710e-02
1.246254088460354084e-02
2.943965657673762882e-03
1.513833406195838963e-02
-2.226197282295884223e-03
-2.683337473015545011e-02
1.116441727720577162e-02
-1.330737439686908823e-02
-2.073201709600312401e-02
2.710206293871148930e-03
-2.561971594818521214e-02
-2.554174894320204378e-02
-1.435691055521010583e-02
-1.718527124281966564e-02
-1.825795881637929394e-03
-8.942941840262204692e-03
-1.896227137801139925e-02
-6.292269961837362868e-03
1.178543937642650627e-02
2.870778686873018577e-03
1.590162574651132407e-02
-2.710077718719521370e-02
4.394902584496780088e-04
-5.050363825004132272e-03
-5.832454071299302770e-04
-4.485094403531978899e-03
2.824642401805710270e-04
-2.514843485120692168e-02
5.577520607946298212e-03
9.413142879447135986e-03
-1.666433395289770858e-02
5.663664032379303560e-04
-1.417738774131014311e-02
-1.144429045697463281e-02
-4.683494281441841038e-03
-5.979877194168313134e-03
-2.724186862091269867e-02
1.223647394722104757e-02
1.602306173185651800e-02
-1.609414166017699571e-02
1.233163200633735765e-03
2.124083521890617055e-02
1.361558090748928897e-02
-6.629769347235060784e-03
-2.760242272712924369e-02
1.774033848127196241e-03
7.612226362750927101e-03
-5.875157709235184246e-03
2.134829361633426917e-02
5.995939251208577854e-03
7.370246174346632186e-03
-2.011985891969830104e-02
1.970991579585489387e-02
6.797956202731087741e-04
-7.426915749988428862e-04
8.176558116424367112e-03
-2.816432505114712433e-03
-1.096549095469486618e-02
1.954676648682338383e-02
3.912480898559345067e-04
9.427335784534503563e-03
-8.711521369886270766e-03
4.356619393592368276e-04
1.203921095351177459e-02
1.450728700526823962e-02
-1.326536503086825185e-02
-3.833263861289329735e-03
-1.954133701543565513e-02
-5.685720246901108076e-03
-1.750942992842649190e-02
-2.612144239126601604e-03
-1.753682252495942714e-02
-5.467629323170780827e-03
-1.315829432654641237e-02
1.744493031205850836e-02
2.158356663388669161e-02
6.816429106559285418e-03
9.427558615731921124e-03
2.196958351918167421e-02
-4.901690434157266775e-03
3.640842257522777098e-02
1.578838582515387085e-02
6.391558000329085158e-03
-1.651653104731478847e-02
1.789973387042145814e-02
-1.894410797843482271e-03
-1.831378819867920602e-02
1.196669359420970101e-02
-1.400922025469539538e-04
3.649432090484218405e-03
-1.149624068367308301e-02
-5.577761328020562626e-03
1.633481148486136056e-02
7.402311827269462095e-03
-1.836933571462697617e-02
-2.269158528034069013e-03
1.586644460989790340e-02
-2.462156264234134292e-02
-1.105937728246786204e-02
2.174164000308662775e-02
-3.956229339581500415e-03
-5.339707499348736799e-03
5.562345092039804820e-04
-1.100839832454791022e-02
-1.340562800748807543e-02
-3.352016289941260759e-04
-1.465163761798875947e-03
-1.863370148182862118e-02
-1.328317438732151516e-02
1.472385924775501155e-02
1.757254816039722362e-02
1.208457535680293980e-02
-7.274931474723658927e-03
-2.610087678701084567e-03
1.214409290138953809e-02
2.382778024189750356e-03
3.068501200167390516e-02
-3.219489742014539080e-03
-1.214229206310550244e-02
9.754402399982271821e-03
7.075667439978730426e-04
-9.169693436072828482e-03
-4.889050470957329378e-03
-1.965846218924981528e-02
-2.016107086611754716e-03
-1.092118976539964079e-02
-1.542421023159975396e-02
-1.062162772289946752e-02
2.982026376536999965e-03
-4.164247603180822391e-03
1.316878153596427389e-02
1.753690049844693066e-03
-2.466235542244882457e-03
-1.351590898633344383e-02
2.025051459843688409e-02
-3.450438629278196074e-03
-2.041464637559649992e-02
9.208137191956492287e-03
-3.002961094081092394e-02
-1.207395177545420029e-02
-4.098285364172181248e-03
1.530996187372062490e-03
-1.107516009698091691e-02
5.754725803754784548e-03
-1.441972423520593294e-02
-7.560981920359355173e-03
-1.732513894159652679e-02
-2.035834641324188508e-04
1.429768192681721804e-02
1.276510843919002360e-02
-1.914126147083485517e-03
-1.480823805743095543e-02
7.001729521932839768e-03
-1.341220364118689279e-02
9.065576938003697821e-03
-2.933806631529816203e-02
-1.512947568217055429e-02
1.293143579157336569e-02
2.643175432711186712e-02
-5.288547127655257238e-03
-4.843993045931666887e-03
1.439269799304626141e-03
-1.659712505020173286e-03
-1.709892221186202002e-02
-6.528462394237501652e-03
-7.188603837775991816e-03
-1.514101745424503882e-02
1.519625348470380298e-02
-2.237128570462001628e-02
2.254615214760543294e-03
-3.072540445731678643e-02
2.559825332770573631e-03
-8.015790544988840582e-03
-3.205775238069277083e-03
-2.042865611539020076e-02
-1.913419868981760738e-02
-1.569796580717838785e-02
1.171695513068195769e-02
-7.859158573944854953e-03
5.028126201783962752e-03
-1.372801555067580323e-02
-1.056393457211595235e-02
-1.458844773815726550e-04
-2.030704768736904184e-02
1.440699353665107416e-02
-8.010168439992275922e-04
-7.646474564647978006e-03
6.222823483784082829e-03
-2.651563537244711749e-02
6.006947180319358731e-03
-5.642626200895686133e-04
-2.097241883946917088e-03
-9.745927500939723445e-03
-1.424927665246996170e-02
1.151180146104366017e-02
9.487262407219171356e-03
3.990367015772508172e-03
-5.911673991132475672e-03
-3.751767185781280239e-02
-2.800190000687148399e-04
5.441771445255587369e-03
-2.155240867988630904e-02
1.668134509666088783e-02
-1.189680502576881925e-02
-2.806708480581366488e-02
-1.584702413393991247e-02
-1.967449744219160190e-02
1.846435213368580186e-02
3.256608327078053689e-03
-4.646997339708092319e-03
-3.712186352735181299e-02
2.184965555905543037e-03
-9.819293408333660059e-03
-1.325135431288951109e-02
4.395527964177838032e-03
-6.721521598228856476e-03
8.810662033620466141e-03
-1.962177484418113280e-02
5.747918762976078448e-03
1.368617455360207451e-02
-1.300909608670744802e-02
-3.092235835905013646e-03
3.619384433683982185e-03
-1.155778102081315810e-02
-2.728886323035553674e-02
5.760848784035733743e-03
6.219531434541662566e-03
2.352628222014969614e-03
1.336777879481665203e-02
-7.840758455539895491e-03
2.325861745369802152e-03
7.070223581584220499e-03
9.246415818287140320e-03
8.025446257028567149e-03
-3.047629455184943867e-02
-1.560598003547131706e-02
-1.409831052949804715e-02
1.292320290686220161e-02
-1.808403159464853222e-02
-9.021791790787809726e-03
-2.359904064714247671e-02
2.716615401416671519e-03
-2.853721122195933095e-03
1.544843230294000447e-02
-2.647593474869074353e-03
-9.562314823319130463e-03
-2.363399116451780219e-02
-9.856753810047094722e-03
-1.136460831995200066e-02
-3.551736291101413590e-03
-4.237568045964554796e-03
2.211190923684823798e-02
-1.830916333864954226e-02
1.034404843453057624e-02
5.792760571989572990e-03
-6.659288685906418655e-03
-1.876735329836492355e-02
1.060157315634241253e-02
-1.141075888209828505e-02
1.754683212046096244e-02
-4.068564969715308260e-03
-1.935307743675412570e-02
-1.040740505198524402e-02
-5.819054205616058621e-03
-2.078963172650085192e-02
1.787064090838305988e-02
-2.890835896516052994e-02
4.020074771445133685e-03
4.572112171946499277e-03
1.907340778123879296e-02
1.034159423463868258e-02
-8.588335601163975264e-03
8.770940657337923316e-03
-1.885910712386026228e-02
-5.835586821015400875e-03
-2.806224905993928275e-03
1.959054343460224154e-02
2.135700864509140762e-02
-1.529697227426609143e-02
-1.810648929437307098e-02
5.655314056445491337e-03
1.968803046713689039e-02
-2.148160131900804862e-02
-1.372983708861462426e-02
1.571108423768391785e-02
-4.500071881747734308e-03
-1.391196127577029075e-02
3.739568836268539198e-02
1.305249408398043154e-02
-1.552300679395354245e-02
-2.088061977588133444e-02
-5.182225219250862630e-03
1.073784369109337042e-02
-6.440572826347520236e-03
8.990541168063639942e-04
-1.201420532436662907e-02
-1.632327880379059190e-03
-2.467406319914433599e-02
-8.846141872345069518e-03
-1.195859011373885498e-02
2.380614347339414689e-03
-1.453227785659677238e-02
6.400891877835363994e-03
-1.331425350659514589e-02
-3.030045021548427933e-02
-4.196945189441183763e-03
1.088954180130902432e-03
2.430773853928357067e-03
8.414369285892226444e-05
1.642074400265834244e-03
-2.877661657839352977e-03
-1.025363398599730318e-03
-1.790585043327815387e-02
-1.264916377029489108e-04
-2.209462475227305135e-03
6.309572523404130204e-03
-3.245877821059240526e-02
-1.724663723525381512e-02
-1.503402655090162882e-02
1.539026921839594525e-02
1.895862718463711682e-02
1.288065847051818790e-03
-1.267260905400306725e-02
-3.696221069852268903e-03
-1.948804348163251515e-02
-1.878868538068028532e-02
5.892623187549840720e-03
-4.006784015398549836e-03
-1.825690118106559293e-03
-5.762480080001781621e-03
2.545191256895709686e-02
-4.173717715577721608e-03
6.942707831105409538e-03
-2.879906597753233502e-02
-9.800141241782984319e-03
1.087154995034241012e-02
-2.142966657171982425e-02
-2.203229156530015984e-02
-1.207699343168290584e-02
1.877074196363698669e-02
-2.287931430267915473e-03
1.812101706300169035e-02
1.208615170762899517e-02
-1.290660051839925306e-02
-7.135205536106511114e-03
1.163051362183177215e-02
6.595626549278090292e-03
-1.697575328497433894e-02
9.189883724854523012e-03
-1.713032066817774587e-03
-1.999494234525752909e-02
1.984020996417258653e-02
-2.098199817450146880e-03
2.003550003926600487e-02
1.478702235423447371e-02
1.938444584387138264e-02
1.126531027154197007e-02
1.515268166591243575e-02
8.611385838889672184e-03
3.873187197110650876e-03
3.577289828744765945e-03
5.788280638998071284e-03
7.374356030009089277e-03
-8.078842401366966713e-03
-9.715743747231424948e-03
9.050449910090225744e-03
2.203774302309045863e-02
-1.715624641207135143e-03
-7.503717753800546314e-03
-4.428818047938170958e-03
1.460861014349583518e-03
-1.253858980124750513e-02
-1.762316729788758821e-02
-1.959723096968123829e-02
1.322018506546107121e-02
-1.794686177637582272e-02
1.977634974249273606e-02
-2.392198037318685883e-02
-1.522519813276164077e-02
9.641691699696145618e-03
-1.775721464125000482e-02
-3.482534119559926866e-02
1.125513721878603803e-02
-1.053043459399057198e-02
2.430335356398971147e-03
-1.743006040566166467e-02
-1.361637204376571313e-02
-1.824135628051104172e-02
-3.564249317691974006e-02
-2.736675191036828329e-03
-1.852746407593612588e-02
1.468164209294210709e-02
5.029234346837369203e-03
4.686789007945890706e-02
5.162852815020289865e-03
-1.420366449053936126e-03
1.119964787667897428e-02
-1.112171067930791193e-02
1.345034207721826011e-02
1.908133354233402731e-02
-7.394381679680270616e-03
-1.382010006422614359e-02
1.632453393263706004e-02
-8.335940069308461764e-03
-2.297165047577470753e-02
-2.317343115470985038e-02
4.497366533263403091e-03
1.529202549803711057e-02
-1.396266260896697649e-03
1.962467746478403080e-02
2.889766477765824335e-02
1.399508200353136340e-02
-1.728978987715881765e-02
1.236616764694139711e-02
-1.973004548452720122e-02
8.213666504386983244e-03
6.517784874472433258e-03
-6.688492453043887870e-03
-3.297620612674569823e-02
-1.114204281024124867e-02
-1.452700158218991032e-02
-6.105275055325468450e-03
7.193387197023122515e-03
-2.150074070798736400e-02
-1.731508481045473252e-02
-1.395964449324032033e-02
-1.951635336145354435e-02
-1.394527762213232207e-02
-1.084682593461061550e-02
-1.321821550071869932e-03
-1.930384900868532816e-02
-4.874554305232189910e-03
-1.352938323978030224e-02
-2.446976014859334261e-02
