6.049091102434371245e-03
-8.422008640492920561e-04
-1.775869012722090801e-02
-2.737061157936815023e-02
-3.018333567697019382e-02
-8.820126120435686778e-03
-2.320968959110074684e-02
-1.066049296648885827e-02
1.287817513627945339e-02
-3.006917403773432321e-02
3.844607848434084159e-03
-1.868555685784696954e-02
-1.090088461017262381e-02
-1.787865733836286469e-02
1.277063100669324248e-02
3.283777215950189031e-03
-2.316592445239203449e-02
-2.984473176569805292e-02
-1.309277023551040121e-02
-2.628618363052443591e-02
4.522292203765649991e-03
-1.920149613928776033e-02
3.820251328704256290e-03
-8.328029788742865322e-04
-3.023858352548066883e-02
6.081264688983590953e-03
-1.946836237735859176e-02
3.799301388274238436e-03
-3.260798246848009563e-02
1.120717083745004228e-02
-2.228312320221412582e-02
-1.594934061165406355e-02
-9.296955549864498528e-03
-3.223441121832912315e-02
-1.407405498020480351e-02
-1.539099110385153645e-02
-6.922530221331425065e-03
-2.147043029043442519e-02
-1.585615013969536927e-02
2.390467909258230800e-02
-1.110258045542913095e-02
2.028231339538068799e-03
-1.128590680936982123e-02
1.576729325941863755e-02
-8.143028647151514740e-03
-2.857443377011233132e-02
-1.758250328678461621e-02
-1.769292141857525813e-02
-2.811243170002898639e-03
-8.615258174544152339e-03
-9.605277799231317151e-03
-2.024936404290536909e-02
-1.346798646436489846e-02
-1.887034938424439826e-02
-2.819911676243073290e-02
-3.273481535652568442e-02
-1.183697974195863784e-02
-1.153407521113515750e-02
6.650296791491167731e-03
-2.607191986163618497e-02
-7.869418324741512746e-03
-2.135791499135018118e-02
-3.030001468697527886e-02
9.142042902059136986e-03
1.400541792495696956e-02
-2.256061095521616836e-02
-9.163507501435814301e-03
9.773646945220528133e-04
-1.545703874975584702e-02
-2.710757595353804547e-02
-2.816098829617901672e-03
-2.897871767898397774e-02
-1.629614538557113117e-03
2.285856170463101619e-02
9.244620499284412693e-03
1.241186096815405718e-02
-1.067868853059142364e-02
7.108618690155012708e-03
-2.173379638702730050e-03
2.414636216548007776e-03
-4.847491812579031618e-03
-1.409198919716797560e-02
-1.197260789123904927e-02
-2.783026065820082967e-02
-1.940279360785411231e-02
-1.952716364696769269e-03
1.188907117225644627e-02
-2.033599202262343850e-02
-2.730956855962448498e-02
-2.866793730014545460e-02
-1.409943865636972479e-02
7.203446678082590579e-03
-1.412731488065550531e-02
-2.185074053899753801e-02
1.462875791239609709e-02
-6.160354450993512331e-03
-1.739855153107855087e-02
-4.276773381511537846e-03
-2.882390980643520853e-02
8.825486991077628393e-03
-1.901481979501842834e-02
6.213908426264133991e-03
-3.226960121077510069e-02
-1.598341262470394722e-02
-4.033489186501994749e-03
-2.894404340334991860e-02
2.079086722146635414e-03
-1.146113445073025823e-02
3.284195733554487722e-03
-1.396185133711954664e-02
4.339177301475949725e-03
-1.904168908345268280e-02
-2.014899904333335504e-02
-8.926755199808981620e-03
-2.069892883433611247e-02
-2.008962932688783073e-04
-4.447928494531836786e-03
-6.521136094102613582e-04
1.319895137952723473e-02
-6.311188761721413069e-03
-1.271134529211811505e-02
-1.454193661368310964e-02
-1.952172036944725686e-02
-2.646016697447598279e-02
-3.332443309617515257e-03
4.821111687867071782e-03
1.171155453917057483e-03
-3.263883547714739597e-02
-9.723060733196123989e-03
-2.067095389537243130e-02
-2.242744369692355796e-03
-5.895844831142721398e-03
1.790512942771135211e-03
-2.284742261443115509e-05
-2.798658357754901446e-02
5.584255846512444117e-03
-2.786763273406513836e-02
-1.471284818860926422e-02
7.630559238351757902e-03
-2.675056470576400725e-02
-9.984330500427254784e-03
-1.267207657145788362e-02
-1.983015506361139949e-02
-4.977190246848396150e-03
6.413761267710000463e-03
-2.490888403543068189e-02
7.689433386671224412e-03
-1.203367236461822497e-02
-6.174154865916980754e-03
-2.136799984345370829e-02
3.200007348022019561e-03
5.071611864661618521e-03
-2.944808662947867930e-02
-5.078970231959648897e-03
2.790107525539592317e-03
-8.458780161098512079e-03
4.103220858768014470e-03
-1.901289774492012988e-02
5.678467174962785122e-03
1.504115225445190607e-02
-1.365269397010045183e-02
-4.965001033996077791e-03
3.457755525877849370e-03
1.028480681629158518e-02
-2.340618875680442953e-02
-3.095478982982152044e-02
-1.371734980989906295e-02
4.516220121756859412e-03
-1.925266932997894698e-02
-5.468546652641187965e-03
7.177067811959880923e-03
-4.599793456096882942e-03
-4.545864252737862260e-04
-1.197527230478864606e-02
-2.132127507524525512e-02
4.967431454974222810e-03
-2.917308634660916583e-02
-2.172457203698596219e-03
-1.225618973523773074e-02
8.620346123852876824e-03
3.631980236465565375e-03
6.383233073392276073e-03
3.947279670673007408e-04
7.840023214863217280e-03
-6.307621909498459419e-03
-6.758951490210431297e-03
-1.723554818952478807e-02
3.121582712993034320e-03
9.679455357860139095e-03
-1.173626508437248389e-02
1.001094847472113608e-02
1.337799962412468402e-02
1.323640906258898714e-03
-2.635477252561609085e-02
-2.375190229083889645e-02
-2.478799794691389016e-02
-1.515539239281970575e-02
-2.513917311761018278e-02
-1.097008834455721372e-02
1.424194838214101755e-02
-5.548301476788386824e-03
-2.959659051622308412e-02
-1.779809063943670056e-02
7.041244930283054905e-03
2.350648842904188435e-02
-2.740896666406971230e-02
-2.386345107482014394e-03
-1.699709577267074362e-02
-2.408308895387726266e-03
-1.406538837548300565e-02
-5.710890460719733781e-03
-2.079293793748354657e-02
1.061028098558196818e-02
-1.684361861383119885e-02
-1.690485809453386168e-02
-1.825118858266547642e-02
-6.420127619861122799e-03
-1.357120301458345814e-02
-7.203275538709372552e-03
-1.049572759899493855e-02
6.280946080614763921e-03
2.106635283499678959e-03
-1.178048051270145363e-02
1.812807463114167461e-02
-6.002457836362331926e-03
2.928768098736052664e-02
-2.816078748183661190e-02
1.235152470291625559e-02
-2.167423951745519120e-02
1.834998505615710596e-02
-2.028490509687741819e-02
-7.306343277070289320e-03
3.110195015808494439e-04
1.738724636923551919e-02
-2.220725728509904615e-02
-7.794872117317182443e-03
-1.764047046831034721e-02
1.486426873819049130e-02
-2.081870373259871870e-02
-2.898110854040476109e-02
-1.056761089673195417e-02
-3.072823935216214414e-02
-1.320546089311774862e-02
-1.994596807256238113e-02
-1.884000162879387319e-02
-1.011012759149341848e-02
-4.832632116768618979e-03
-3.436790381910553860e-03
-6.786912247691641482e-03
1.026841550031947110e-02
-2.301588890172211882e-02
-2.893992348712071117e-02
3.545602890985166851e-03
1.239904543935316586e-02
-4.352054002314397103e-03
3.896650814891808854e-04
1.828482628582709518e-02
2.367540405159769198e-02
-1.520891161819483244e-02
2.008008314558323848e-02
1.279836873705174176e-02
-1.052975157740171711e-02
2.403465289114096841e-03
-3.794428594719332672e-03
-2.487237268761532255e-02
-8.801064396262532272e-03
2.608627212976571269e-02
-5.173690944749050578e-03
-1.805681672102571814e-02
1.921853759274050680e-02
9.819942395006111061e-03
3.788284726488504606e-03
-2.462488486258983950e-02
-9.224009393409851598e-03
-1.505279157489251320e-02
-1.944924858123265460e-02
8.664374040253011288e-04
-2.848580169696363421e-02
-8.870086851132146649e-03
2.796104406928158481e-02
-2.000561865001308781e-02
-6.675770196444040863e-03
1.929383516176369148e-02
-2.156203527083082327e-02
1.717147955144746399e-02
7.196803271294155424e-03
-1.296817173050769309e-02
1.060647737329779329e-02
-2.062630294039735895e-03
-2.286972564540837999e-02
-9.622137275963574266e-03
1.345475829236855367e-02
8.367953166260305026e-03
-1.709924079172159272e-02
-1.847051904520693967e-03
7.653493243491691148e-03
-8.696715007914374712e-03
6.486567696001585732e-03
-2.687388229665492109e-02
2.045881375793851594e-03
6.136627284123163766e-03
-1.310689095031543523e-02
-1.724107620154068446e-02
-1.548075796839467819e-02
7.631337874130405402e-03
-2.162243992151686653e-02
1.109403416413304137e-02
-1.894263467603297946e-02
-2.657096398161569450e-02
9.579528930053124436e-05
-3.699680380949508813e-03
-1.108995578792873818e-02
-1.025479541309921513e-02
1.446124447829358339e-02
-1.789826188957076552e-03
1.342909741365335211e-02
1.090350806334439149e-02
3.945039562187472367e-04
-9.485481554209232793e-03
-9.214907623803762380e-04
5.508082653516166612e-03
3.809504072675516228e-03
-1.273886860752030357e-02
1.218620399085494806e-02
-1.432077074840872391e-02
-1.654403203384228116e-03
4.641390328185525209e-03
-2.592516021660383821e-02
-8.253146015370348490e-03
-1.767120782176603497e-02
-1.632783976212770841e-02
-3.064369349583988267e-02
-1.461606843088681697e-02
-2.901173472694129965e-02
-1.333585003984869705e-02
-1.817945149228692575e-02
6.287293631738043176e-03
5.504270069508284020e-03
-1.623014820800990771e-02
-1.916733725191976587e-02
-4.449006769092357649e-03
-1.071053047084583737e-02
-2.007006621823407416e-02
-1.596570077976704194e-02
-2.765666062567374156e-02
3.653514029122771536e-03
3.992329445794628832e-03
-1.225343678764264678e-02
7.181753982483897111e-03
-1.666109899374806219e-02
-2.837689019140970936e-03
-2.818396072937219554e-02
-2.025138084591818211e-02
8.689353892005828930e-03
1.268420989308672100e-02
2.356140686608942936e-02
-2.807612291457940376e-02
9.459243585706586521e-03
-1.334525509171472293e-02
2.060057555522279080e-02
-2.108191035215546336e-02
1.395855022392767340e-02
-1.612909241706772913e-03
-2.083217548684955858e-02
-1.641822424842514366e-02
-7.668871181279893721e-03
-6.038777641292536816e-03
-1.356814746099378743e-02
1.098688192254570518e-02
-1.252845653745734674e-03
4.455982906790501019e-03
1.590699062708869453e-03
-1.463642080954210417e-02
7.261978619022647907e-03
-2.288726928675601305e-02
7.767615438329459818e-03
6.633690811929350388e-03
-1.337689034170472593e-02
-1.372457281472093220e-02
-1.072898323101248311e-03
-5.887251747596791360e-03
-4.588369522225627453e-03
-3.829334462293575159e-03
-5.650830112376575842e-03
-2.788874989271315427e-02
-6.038780939496944319e-03
1.577935437210034944e-02
-1.462758263004555401e-02
-8.219543201483407377e-03
6.430549397320875667e-03
1.418580733111717354e-02
-2.739537417482296872e-02
-2.554524876262173269e-02
-2.969666453414106927e-02
-3.904820823538115559e-03
8.991087519002250936e-03
-3.222813716344662127e-02
-9.020490617328175489e-03
1.403912808459852404e-02
1.261037139289493056e-02
8.533434413426015108e-03
1.032862780315994475e-02
-4.255730326040809905e-03
-3.100525064434254963e-02
-2.046596822593084713e-03
-1.917647120248700942e-03
-2.121808841401639015e-02
1.006203360543861912e-03
-1.849343272772753510e-02
-1.408337748814507927e-02
1.626568952691265224e-02
1.862136213713527690e-03
-5.542836441587798433e-04
-1.770721920525031301e-02
-1.080800424091406253e-02
6.777189072080555370e-03
-1.197725109049364682e-02
-2.306910493350095709e-02
-9.278929031761952440e-03
4.125139763660206141e-03
-1.342709860460615696e-02
-9.701441815317263240e-03
1.857332473218722621e-02
-8.794214835825280366e-03
-1.999307691906173148e-02
-1.032381041839705582e-02
1.172197441795960055e-02
1.697445521354151027e-02
1.724346074167907444e-02
1.509553897917819483e-04
2.887704149937770693e-04
-2.844285994181753111e-02
-1.954543254315690287e-02
4.730024234755511245e-03
-2.196889676297050786e-02
-1.066958120310120862e-02
7.700583347634544842e-03
-2.456110112547796320e-02
1.550378610583266585e-02
-1.356516735621698770e-02
2.511874861001807489e-03
4.604030463147928921e-04
-1.608784919523473939e-02
-1.850231933677520813e-02
7.447696870266242060e-03
1.252553023553066094e-02
-1.370351827515216107e-02
-1.235276406683225893e-02
-1.330302719984616765e-02
9.993596670140509480e-03
-1.999954189017443332e-02
-8.636659666907017113e-03
-5.747838516729765652e-03
6.435972714336588886e-03
8.079748475637544419e-03
-1.517439994067744900e-02
1.362771929403692323e-02
-2.336086651783617421e-02
6.603357893671829050e-03
1.852377410986649417e-02
1.069638727140287231e-02
-1.429373256410054575e-02
-1.633078491284771375e-03
-1.207074661986392607e-02
-1.864848180860154830e-02
-7.884484017470863929e-03
-1.590815815543849057e-02
1.663143873813454493e-03
-1.258510662998139039e-02
-1.066778892374748572e-02
6.201340195476899922e-03
-2.084987381231501180e-02
-3.021559324736045049e-02
-2.774251220038006019e-02
3.685746215277487838e-03
-1.380228833229223736e-03
4.423188617408243227e-03
7.090138597145335085e-03
-6.239957683892375859e-03
4.244279754792232295e-03
4.211375694291549440e-03
-2.912504330827835747e-02
-6.070588539924226014e-03
-1.589715769488038097e-02
4.830564152874537492e-05
-1.298313679408258717e-02
9.784889862601472629e-03
6.690266819737970480e-03
1.221222873343486828e-03
-2.423480087827551213e-02
6.555561655721164546e-03
-2.352432238268037379e-02
-2.421921989255878226e-03
1.197818369353017935e-02
4.701750272348276076e-03
-7.128583399122698401e-03
-1.174924371517585553e-02
8.845495609614945423e-03
-2.307542267425131619e-02
1.543291973735876239e-02
-1.928851409764691799e-02
-8.755297084470732918e-03
-7.574398445934018426e-03
1.111259859121813652e-02
6.184148537960451782e-03
-1.298986575178895202e-02
-2.886785435667993741e-02
3.942774051282365959e-03
-1.934354492182409346e-02
7.602840985486158422e-04
9.462765970819313546e-03
-3.239761520633870073e-02
-5.958538586730966098e-03
-1.000176259472350393e-02
1.175086974531531700e-02
-1.976375031842324270e-02
4.033300424288847191e-03
8.446012780072944745e-03
-3.590395582480654119e-03
-2.320644220964862905e-02
-2.725581149670146253e-02
8.610427006770494246e-03
-1.654791579716128475e-02
-2.409215485223139414e-02
-2.555085659598857820e-02
-3.896825858211881797e-03
2.263952123402620045e-02
3.966611570748960341e-03
-3.256622549384650261e-02
7.576353814027178861e-04
2.385955319925631146e-02
1.888493811815092783e-03
-2.115579240734780792e-02
-3.242113806794903047e-02
-3.083769314945831314e-02
8.525628726539686425e-03
-2.398002928389272176e-02
-3.123867526052020744e-03
1.548035998707184002e-02
-2.831389900590013109e-02
1.364715104066483928e-02
-1.123290702753044698e-02
-1.406866689981008632e-02
-2.175056894466208951e-02
-1.467655597433656194e-02
-2.239532008502989613e-02
-5.428652906387795504e-03
-2.795881540178222352e-02
-3.038488827673745812e-02
-2.112217450503789395e-02
2.336489913835164758e-02
-1.053181804450219368e-02
-8.435146868772825518e-03
-1.057874693414178821e-02
-1.152181382363213699e-02
2.793976394585460758e-03
-1.617200867356536828e-02
-1.377194222149298770e-02
-1.044852345280154055e-02
9.236782629724242608e-04
3.884475607394367955e-03
4.235079821526924714e-03
-2.204419574409506068e-03
-1.894302496963503127e-02
-1.108209137000359945e-02
2.498001847854654667e-03
-1.438180628366101700e-02
-1.077011707524726247e-02
-3.213029588468001990e-02
4.389327558434368351e-04
-1.635180540140794905e-02
-1.871798699870358754e-02
8.062349721469805027e-04
8.608392832915841633e-03
-1.857247279079809197e-03
1.485861256842262949e-03
-1.828929262093792127e-02
-3.000812967283048027e-02
-2.237074959877497285e-03
6.243823055341620951e-03
7.973987030748556568e-03
-2.352818106800693906e-02
-2.902758290130145677e-02
-2.341226663740570216e-02
-1.022627802515071148e-02
1.156279375175190034e-03
-1.063704267201157593e-02
-6.254725458770221506e-03
-2.645861190059312085e-02
-7.864062938344525133e-03
-1.265012821357088500e-02
-2.644990090030445787e-02
-4.616240637930982098e-03
1.302417618420009153e-03
-6.652509854879773768e-03
-4.516617102915276676e-03
-1.260160841402705942e-02
7.745979515002208472e-03
1.214897317728528756e-02
-4.088614073249010987e-03
1.299376351205150555e-02
-1.633418861149530180e-02
-1.330744371931523798e-02
1.032152569388848813e-02
-2.090384107229771235e-02
-2.110103796832540901e-02
9.117611438043569591e-03
9.986031585862843729e-03
1.017109635956349976e-02
-2.279237513900699008e-02
8.219125088932374354e-03
2.215461997012951097e-03
7.864774219332501537e-03
-7.126217900306247750e-03
-6.532468741600711871e-03
-1.265561212991770171e-02
3.611558520386454288e-05
1.810932210255783090e-02
-2.404432144545986735e-02
3.006824525390669727e-03
-2.039830256729207106e-02
1.075164658765956523e-02
-1.862630923951363524e-02
-1.393686143469291018e-02
9.280315364999817615e-03
-1.614449196689011004e-02
-1.553071918100847049e-02
1.866941174307112927e-02
1.952612854140136842e-02
-1.968644067825498986e-02
-2.377785443688535186e-02
4.799398042413028677e-03
-6.768011869934502898e-03
-1.736091489867517754e-02
-2.896169729931056744e-02
-2.155275501762732651e-02
2.166451448782331923e-02
1.406304270870674042e-02
8.500077014451348084e-03
-1.565818133850365931e-02
-4.107336126839174206e-03
-3.232618537677467690e-03
-1.589960377293178108e-03
-1.722603686827946234e-02
-2.155532437960079942e-02
-2.539626724225547277e-02
-8.030587417354316526e-03
1.787336427050008336e-02
-5.896371878998496463e-03
-1.541265025789070181e-02
-3.032884793386822486e-02
1.393673516942309058e-02
-2.193035474962293924e-02
1.149095728081532715e-02
-9.155010310475606913e-03
2.316513178881889068e-02
-8.045941592363726677e-03
2.205336304801334361e-03
-1.518108604431096104e-02
-2.264998133414019253e-03
-1.490370546991893162e-02
-1.173393206887835861e-02
6.939433986702249479e-03
-6.767244207116885658e-03
1.237677040070528887e-02
-1.861557604648952577e-02
-1.275226313875889479e-02
-8.905922002248392588e-03
-8.068182429602405864e-03
6.160636420741374616e-03
-2.264964139233769519e-02
-1.726703285945989721e-02
-3.058439868483251584e-02
-1.040417148534227704e-02
1.376824584158309675e-02
7.785809791923519255e-03
2.078184991651550739e-02
-1.217628738110347088e-02
5.328674539705520984e-03
-3.682968059034535946e-03
-1.363893185345574875e-02
-2.514907857539526188e-03
1.143040517885736927e-02
-1.018721330750589973e-02
9.875837577100611379e-04
6.512677086869784505e-03
6.131841363046446058e-03
-1.141773468779283020e-02
6.908962067814396722e-03
-2.015996789938057088e-02
1.157743756040099242e-02
1.306212174167814891e-02
9.287181012345258752e-03
1.448175285055285089e-02
-1.546942325374023883e-03
-1.751524480820095334e-02
-2.053178401318801055e-02
2.071128620373750948e-04
-1.822633580339884027e-02
1.658642857088150901e-02
9.061063676286177510e-03
-2.739466287440701225e-02
-1.342342167012794234e-02
1.441640026306425029e-02
-2.713695119958497298e-02
-1.600683736801258514e-02
-3.401708839421111602e-02
-5.440222547334357291e-03
-2.254851789586696451e-02
-1.020633186987505081e-03
-2.790888198211036522e-02
-4.646596822694514309e-03
-1.043264653578075338e-02
-6.384750170295478040e-03
-2.003812105244252850e-02
-2.811289020517920845e-02
8.957319715002019442e-03
4.869449199418913869e-04
-1.702490508302828944e-03
-1.677228803487957470e-02
1.442798871610655349e-02
-1.810963664437986037e-02
-3.927921266970975725e-03
-2.021926702176727458e-02
-2.979834312737075926e-04
-1.201947373257260254e-02
1.306284921070693765e-02
9.536871244058966329e-03
-2.271920893176618272e-02
-1.570545989622799607e-02
1.201050148354876682e-02
-2.019747363834846834e-02
-1.757586739690333855e-02
-1.329820971500562249e-02
3.962028001422065841e-03
-4.467984635224870466e-03
-1.238704005229818725e-03
-2.075033268977951456e-02
-1.208002151431822498e-02
-8.618969208306292984e-03
-2.517641169300677967e-02
1.254389342081094032e-02
-4.832515125462536962e-03
1.077422119169726619e-02
3.061719806190118208e-03
1.859430332065017608e-02
-7.954735692735349223e-03
-1.502155889756237594e-02
-9.538310295151290058e-03
-8.540976666811315836e-04
4.187916962113734029e-03
-3.286776228788184512e-02
8.883542858577543611e-03
1.365753772508769039e-02
-1.258002093247711888e-02
-1.908731668859091259e-03
6.320048427641395371e-03
-1.670291050990080350e-02
1.452922161012643910e-03
-1.433896780239356065e-02
3.231209085075248573e-03
-2.648904923854648180e-02
1.081588910286653861e-02
-3.183792396575311611e-04
-7.697241971446919066e-03
-1.435023861843514638e-02
6.618805946529391498e-03
-4.322965475095679605e-03
-1.192442050818191303e-02
8.572204887145461194e-03
-4.066448452235895718e-03
9.752411093352222546e-03
-1.771573509680748199e-02
8.033642365630876830e-03
-2.462518738584471012e-02
1.769346792219386733e-02
-2.359866346332244527e-02
-2.048022065223449595e-02
2.564381420973996673e-03
1.442635573208397512e-02
1.254171136337234316e-02
2.102174242005585419e-02
-8.560742775064919888e-03
-1.293439378482835050e-02
-1.270862013611807027e-02
-3.028644826940215563e-03
1.461333672414543740e-02
-4.992095278491434987e-03
1.879946779172399565e-02
2.884996965584126893e-03
-1.782138943916531867e-02
7.625340713755719008e-03
-1.998332769798290276e-02
-2.286937993603484383e-03
-2.449669458619352803e-03
-6.558090418265204516e-03
-5.669261649967757659e-03
-2.640767622383359894e-02
2.124699806765159918e-02
1.417655277409828919e-02
-1.672655096357952495e-02
-1.166391178814244096e-02
4.344471815190885204e-03
1.247455781652251176e-02
-2.060616023746432088e-02
-9.214877114554717932e-03
9.038746326829999109e-03
-4.677019718595492714e-04
-1.687507231940296726e-02
1.395922317311701355e-02
1.048334194874791549e-02
-4.725431674887235929e-03
9.598023452914255377e-03
-1.411358560702589277e-02
-1.928239690967228914e-02
-1.710455469385104010e-02
-1.144721010388478379e-02
-1.361905817072050530e-02
1.081143384347085313e-03
7.809761637864523487e-03
7.314761484082727382e-03
-1.865196788022983193e-02
-2.698633440970604411e-02
8.899628802872478275e-03
1.119520360270597273e-02
-2.680789692010561096e-02
-2.828199189255075144e-02
-3.097378241146188024e-02
-1.099612586960482634e-02
-2.048510045720225783e-02
-1.352957830295126694e-02
-4.582638520756127445e-03
-2.236809536501927279e-03
6.299540180796082273e-03
-3.541316539809642055e-04
7.102628839925019880e-03
1.689479992485890675e-02
-2.730253965349097381e-02
-1.206284210425621721e-02
-1.347855230080804642e-02
2.327758713682481079e-02
-1.990601607713277793e-02
3.960991417328858614e-03
5.430239357401615147e-03
8.667687738125927008e-03
2.455593285263916493e-03
-1.242460784317503050e-02
3.559459242805525746e-03
1.246281787443690066e-02
1.111345786086460029e-02
-1.021284195219422132e-02
9.468858715497477374e-03
-1.471813750018008057e-02
1.680472895134559747e-02
-3.467144081668627892e-02
6.587768706911916947e-03
8.274369753639855551e-03
-1.094888506475866045e-02
-2.096297453111332920e-02
-1.844674919789845990e-02
2.862162701226246466e-03
2.913155838546486326e-03
-4.814497699135773627e-03
-2.844168265357898198e-02
-2.921536634224485354e-02
-1.730618205712676147e-02
-1.709797499174904936e-02
3.045586703897802325e-02
-2.343620039665852625e-02
9.500969850972677475e-03
-3.391618109422202959e-02
1.112968004693536302e-02
9.028707554174390804e-03
3.176234862085477659e-04
-1.949104095341860909e-02
-2.039135506901442775e-03
1.759696141915392245e-03
-2.646540531932297432e-03
1.152004972744950784e-02
4.204646596064814078e-03
-9.202379021343191435e-04
-1.248038637058107147e-03
-1.441837836486326886e-02
-1.570003017822373809e-02
-1.963651873195922104e-02
-3.111726523872951344e-02
-3.122096239175041824e-02
-1.755974225474297296e-02
-1.892309737294124022e-02
-2.794166436313605742e-02
-2.129227753517694017e-03
-7.348623732214945234e-03
-2.803866384673606507e-02
4.291992173087386987e-03
-3.115641575255915716e-02
4.654602674068174413e-03
2.492418369669280580e-03
5.939107202262670047e-03
-6.186628100705105285e-03
-3.034667224566234538e-03
-1.927723459690394801e-03
1.913304109648435516e-02
-2.025841166601145479e-02
1.184687567809855624e-02
1.111233469454148831e-02
-1.978633950234645264e-02
-3.571741395701561166e-03
1.880003707668107329e-02
1.117056222442407674e-02
-1.190939495475786154e-02
-1.554852739772746156e-02
-1.913738414675924746e-02
-9.109787146580981126e-04
-6.712304282603599910e-03
5.459701986197773148e-04
8.845116423200139952e-03
2.222075882580352643e-02
-1.535696949509515914e-02
-1.315469188219432935e-02
3.122951486566067063e-03
-2.819841037631816948e-03
4.939525220060675577e-03
-9.756496707705973603e-03
-2.128047348124102039e-02
-3.312082931841580508e-02
1.362798803408911234e-02
7.090731289738077571e-03
1.233468884601609909e-02
-5.674999302824348078e-03
1.412710985022391612e-02
-2.969843463005896605e-02
-1.335156320793039891e-02
-1.900391009306899928e-02
-1.834404780919346445e-02
-1.376197734156165775e-03
7.972592139985858542e-03
7.275495667802478993e-03
-1.288293547357386749e-02
-2.199246768236458142e-03
1.740720149267842645e-02
-8.032942075557367168e-03
-1.036783068847522624e-02
1.153904735660207445e-02
-2.941772473726528281e-02
-2.076115983416275748e-02
9.009850364003221465e-03
-6.309446153841631079e-03
-2.116932838885425897e-02
6.787652423077004775e-03
-1.285801984580508921e-02
-1.018754130793712853e-02
-1.664793221963948786e-02
2.451837002805136879e-03
-8.604214417419410454e-03
-2.705752905432405944e-02
-5.648365788633016339e-03
1.279263447585724314e-02
-2.697641028762333762e-02
9.983486325914083664e-03
-6.044054862795086337e-03
-7.690393182796362477e-03
-1.994382849763148835e-02
-2.640529307535064568e-02
-7.385183362982394167e-03
-2.990168625833160548e-03
-6.319330905183247540e-03
2.038490048470428112e-02
-5.450009760885498288e-03
-2.746720371337828953e-02
-2.593460237996737805e-02
8.316236390279497376e-03
-1.218436262782077693e-02
1.375850967145368468e-02
1.713910495718765428e-02
-1.099040605816693598e-02
-2.221644299802397540e-02
8.789030085103328657e-03
-1.578409974512542252e-02
1.196332763403928912e-02
-1.965536948397446360e-02
1.513906847667967522e-02
-2.613967037898218011e-03
-1.063216044608750362e-02
-1.805203135358125072e-02
-6.062423331119761762e-03
-1.538494692060075365e-02
1.035333308627805170e-02
-2.326272736327102131e-02
8.152783141536756525e-03
-2.335695046216394732e-02
1.291049923669165475e-02
9.789668614577444125e-03
-5.925192938932145707e-03
-1.136551605568224092e-02
-2.902147783598654773e-02
-6.414445920910045659e-03
7.071898983900272960e-03
6.079414955147718728e-03
2.361693831575362602e-03
-3.072555421720141525e-02
-6.681533968939727848e-03
-2.530233737902253671e-02
-1.558970269488263276e-02
-2.865823422195626011e-02
-1.607673850545719360e-02
-2.725366846455552078e-02
2.297667525076096950e-03
-1.348082275584616511e-02
-1.503007319282579843e-02
-2.684655267262055223e-02
-2.190356915654633613e-02
-1.620206826005981746e-02
-5.622657264613369066e-03
-1.001801818650181058e-02
-4.583712036083168774e-03
-1.133924811898415728e-02
-2.916595100846814531e-02
4.681333458928143947e-03
4.860339889537820118e-03
1.551386481733470213e-02
-9.558946032393935213e-03
-6.254073923696246845e-03
1.969424365836446641e-03
-3.603214339573752780e-03
-2.106426474409584318e-02
-1.671137079382254559e-02
-2.109503140406231159e-02
-8.072488523904297608e-03
3.060323382880766364e-03
-3.536292350516777403e-03
-2.223110106432436839e-02
1.139288999732045518e-02
-1.422130254971355756e-02
1.766255733894704985e-02
-1.878151419622646132e-02
2.775495480481730490e-02
4.168102117295480538e-03
-2.224531421713036444e-02
-1.385588708154388005e-02
-1.181853191203539877e-02
-3.928053950939125981e-03
-1.153978277629871818e-02
8.917359694266600509e-03
1.653202232459777613e-02
-3.073784421427478802e-05
4.158566083595512282e-03
4.917492934165682179e-03
-3.592152627433008692e-03
-1.204582178368291887e-02
-1.856093494465599347e-02
-2.076507216565506506e-02
-1.368159150209416822e-02
-6.547858622591775377e-04
-2.625116144078140645e-02
-2.358563535461262461e-02
-1.811210995035948332e-02
5.646710622468394634e-03
-3.487062946468969579e-03
-2.959330668166100606e-03
1.199958518232519672e-02
-1.134419852194813554e-02
4.755639909567373549e-03
-6.805562573069487073e-03
-5.058283471516037376e-03
1.486769099318869386e-02
3.764418982296709095e-04
-1.123903969454330756e-02
-8.429478628142699978e-03
-2.246515861613997481e-02
5.953569848206810913e-03
-6.692833576057973487e-03
-5.465313395483156929e-03
-1.105427501017158289e-02
-4.396329224056470461e-03
5.972387320835242930e-03
-1.986332593574654734e-02
-1.232975376698624420e-02
1.100560292050165381e-02
-1.327451973252386647e-02
-2.450692425314119488e-02
4.676074015711592299e-03
-7.731065860432722973e-03
3.443074450897477736e-03
-2.003892508554420276e-02
1.442108456967438473e-02
6.241528899602136367e-03
-1.964584919036193450e-02
-3.246289328255195887e-03
-2.488227229860046335e-03
-1.596878708781372279e-04
-1.276856175107951921e-02
-1.428325644132395246e-02
-1.159305214179347059e-02
-1.091229118652124915e-02
-5.965931416839387498e-03
-1.556481475797822332e-02
-1.949000833776524597e-02
5.770864039510451883e-03
-2.951076138648573918e-02
-2.195050729995593614e-02
-2.820108405192106940e-02
-9.313576682859561057e-03
-1.046093926431530992e-03
-1.843544003436853665e-02
-2.895924600535389193e-02
-2.165091463943848854e-02
6.269640741026299285e-03
2.088987032844262948e-03
7.973463290558350028e-03
-2.136509522788358068e-02
2.549865601150775110e-02
5.533332828967816447e-03
-2.735893513510868902e-02
1.708629622318747626e-02
1.456105915898415516e-02
-1.437305685266937298e-02
-1.821399949272060892e-02
-1.669750600824911058e-02
3.812619108824380661e-03
-6.322761062897959070e-03
2.121700200468138418e-03
-2.434467054308958600e-02
-8.107765870736192634e-03
-5.850999565320634879e-03
2.056565270616737134e-02
-2.364538090932611497e-02
-6.974321191178823112e-03
4.293465263790680053e-03
8.873028779942657152e-03
2.809698998596072816e-03
7.501905611589175689e-03
-1.056622810460581575e-02
-1.501504808544513840e-02
-1.311873299358592081e-04
-5.259539791062382841e-03
2.188324492567213925e-02
-5.869401616318961797e-03
-1.520412441909019642e-03
-3.110430444338897760e-02
-1.757476590322590293e-02
2.581903068409338933e-03
2.291103200008873936e-02
-2.769993764652500107e-02
-2.007511362807854957e-02
1.466885798069169321e-02
-2.149012648538351639e-02
-1.035186066720218678e-02
6.491912794640974406e-03
-1.588639817122245931e-02
-1.837593805472065300e-02
-2.392004665316446038e-02
-3.170961396677773186e-02
1.149709154140506062e-02
1.103006619268914225e-02
-6.857673905572509235e-03
-7.683305374856546494e-03
-8.002141633721015709e-03
-8.760557379513372531e-03
-5.242665859579870476e-03
5.019944541072869811e-03
4.462608866807513640e-03
2.341038022998074078e-03
-2.017149375890282814e-02
-1.594243879988509888e-02
2.383863570105849202e-03
-2.146681440993213411e-02
1.949186830054261063e-02
1.224562993323528859e-02
-1.415539149497261132e-02
-7.375487365007950095e-03
6.660326481626520183e-03
-3.029337355658423200e-02
2.600006802408389925e-03
-2.985109612671321688e-02
-7.125519265827201694e-03
9.094255344670657340e-03
3.322262250803795572e-03
1.385430027249151281e-03
-2.983036302608569126e-02
-1.545609881063811364e-02
-1.611872179787493878e-02
-4.415461691219989965e-03
-1.022220999253042190e-02
7.003429789742775767e-03
-5.029139321216705323e-03
1.296326985831076223e-02
-1.176958819698626854e-02
9.654398988204512810e-03
-1.931744090784283038e-02
1.158739782928519015e-02
-2.794980145877325531e-02
4.368935059629162725e-03
-2.613223932555901879e-02
-1.755795730384565427e-03
-1.863215744060339914e-03
-2.475964678910403879e-02
-1.740379960998324552e-02
1.199737650881268179e-02
9.529076530403154596e-03
-4.106455259879494835e-03
-8.106333994638581855e-03
-8.569963558647165794e-05
-1.161869861596374204e-02
-1.120589370063546433e-02
9.626488286125930993e-03
-2.027809737896499320e-02
-1.377999392066610145e-02
4.907240818468613409e-03
-1.257636591511550848e-02
1.131542999563598349e-02
-1.391099137708894269e-02
-1.252005166745068102e-03
2.892746006140259601e-03
1.662041759748118797e-02
-1.612751888261517233e-02
-7.172066512998727210e-03
-7.836185198486493586e-03
-1.103540861783865352e-02
1.320153931399885468e-02
6.746870751993026306e-03
2.759680971920251344e-03
4.992440234395094378e-03
2.070766050871093722e-02
-2.507812109476577345e-02
1.154008971000019743e-02
2.369318661968655704e-02
-2.063684753895634466e-02
-1.447571539675824095e-02
-4.991300293531622349e-03
9.187207024045950313e-03
-2.155644618840886484e-02
1.033063028391155956e-02
7.661052559252601486e-03
-8.022073704320585585e-03
-8.638287666704240128e-03
-5.845507684036171242e-03
-1.311930786284787147e-02
-3.089629293948270225e-03
-1.818494978529301004e-02
-2.516972611130087120e-02
8.210404615251987517e-03
-3.134683970529978519e-02
4.869937295047390563e-03
-2.311042690116655446e-02
2.536648635620320988e-02
-3.077845336781951172e-02
2.086922652394925578e-03
-1.235729826814888077e-02
-9.435149285979301317e-03
1.269336934119911532e-02
-1.331415043480152320e-02
4.554179811312381639e-04
7.474677898491055854e-05
1.379548428535669509e-02
-2.853361599440915747e-02
-2.162271872889985971e-02
-2.137191011997460408e-02
-2.754974918358725836e-02
1.055084702432610745e-02
-2.265878167884222399e-03
-2.950830173804595835e-02
-4.329537428012454094e-03
-2.129229998542273722e-04
-2.512680338467298061e-02
-2.849026710894158113e-02
1.170496466740668200e-02
1.635884573107527010e-02
-2.683051375897784613e-02
-3.135478628229301096e-02
8.367227913591748778e-03
4.605269251690718990e-03
-9.700182156318435528e-03
-1.343434100590976121e-02
-1.379932895028391712e-02
-6.807342733273449853e-03
-2.348335000238794233e-03
-2.382685424497718238e-02
2.103360477335962028e-02
-1.116034833195200240e-03
-3.020588929513838561e-02
-1.420405141707726387e-02
-9.472239171118140844e-03
-3.201068835891931683e-03
-6.687828860829275746e-03
-9.725628478518084583e-03
4.693003273598933718e-03
-9.690857921149707496e-03
-1.894410786958132878e-02
-1.787376305709134638e-02
-3.749831513862140683e-03
2.555299422539289065e-04
-1.724002269242910779e-02
-9.624413391868476969e-03
-1.248673166426194844e-02
1.104298517116903338e-04
-1.347053650703251490e-02
-2.540558844610211683e-02
1.130026849539068207e-02
-2.862472056600255665e-02
5.464153383794380196e-03
-1.173613490334751534e-02
-5.994887955481682665e-04
-8.682621470905982353e-03
6.017401586872583429e-04
-1.364821430207869765e-02
8.816524205368693468e-03
2.379048324523787283e-02
-6.499186539862677678e-03
-4.654555427995668744e-03
-7.665923052861304578e-03
1.533844795615655308e-02
9.592535981955216048e-03
1.175168936817321940e-03
-1.070836016334993264e-02
-5.980495586794090483e-03
6.892612887802460672e-04
1.258326402927928758e-02
2.356019465678128866e-02
-2.035476743827633207e-03
-1.342414372543657218e-04
-9.511477324118840226e-04
-8.093343373820836503e-03
-8.143889831072032015e-03
1.447561181133477995e-02
-1.406405217441142243e-03
-1.902615496074676338e-02
6.076590904076806677e-04
-1.291367344367403379e-02
-2.052723530001404270e-02
-3.971337516114718802e-03
-3.161023129376351864e-03
-1.534420360287917263e-02
4.865561412052379214e-03
-1.571623439747981202e-02
1.118642952785541857e-02
-8.063824374294054770e-03
1.090227248647980063e-03
-5.140371853164669470e-03
-1.242881409008124612e-02
7.838227598935487705e-03
5.743657254439841478e-04
-6.110151812296037155e-03
-2.677803311715987872e-02
2.732889160125753433e-03
2.352827470933047810e-03
-7.210854227941377627e-03
9.533215039701621596e-03
-5.443798723995282689e-03
1.237597982920424049e-02
-1.732856038259385570e-02
1.121002904534816949e-02
-8.121396458812782816e-04
-1.450188140203386572e-02
-1.732856085446389527e-02
9.472368298078790924e-03
-1.059673095248187848e-02
1.364281160620943803e-03
1.559485171379768921e-02
1.904089226144529967e-02
-2.251598871763600337e-02
-5.425465473651889386e-03
-5.575523297275701215e-04
-2.528622768637248108e-02
-1.951720027265376606e-02
-1.851431150711883031e-03
1.312498021175291518e-02
-1.342273136683964051e-02
1.199407106380318347e-02
-1.433526089297133821e-02
-8.758566639870025636e-03
-6.379685570160194621e-03
1.554254569601880298e-02
-5.587933554455752801e-03
-2.292035656621888365e-02
5.157007510629416265e-03
-3.097714773115933448e-02
-2.070971551426120313e-02
1.722891360633715258e-02
-2.399633669434191735e-02
-2.804276745330054913e-04
1.005203803299969251e-02
-3.054967594800378234e-03
-3.256740941553068480e-02
-6.665935447604650829e-04
-3.024299136794263154e-02
1.067182663079976369e-02
1.513806208024167689e-03
-8.142695172157937353e-03
1.417600544414443411e-03
1.532693855882349921e-03
-3.278612491942278079e-02
-1.979995353473977190e-02
1.326298855246134736e-02
1.330467812309436317e-02
-2.433726785717297073e-02
-2.593478895050159785e-02
-1.095341536554014436e-02
1.201480168318287906e-03
-5.778630446386490149e-03
1.860859239392842826e-02
1.003616536837542358e-02
5.312520576251965679e-04
-2.047882885208969928e-03
8.821210399204080718e-03
-1.296126900727442334e-02
8.013448342188469672e-03
2.904929797921772250e-02
-7.807726318930650194e-03
-1.423848797938471328e-02
1.182803713758945243e-03
-1.555015920930482264e-02
-1.600958235269843086e-02
-1.778353318128774591e-02
8.059886702105060335e-03
9.306415966490049624e-03
9.597727837627911818e-03
-1.700394897281630804e-02
-2.973715359375744480e-02
1.037817767450780956e-02
9.689640246835953818e-03
-1.451981917537664354e-02
-1.137595619314538467e-02
8.828104790756671760e-03
-8.693146021297278730e-03
4.061097535161551850e-03
-3.014769711896423537e-02
2.662279113653804111e-02
1.161114469588074224e-02
1.271372206938421560e-02
6.291222362226372121e-03
-1.179128178367517751e-02
-1.115229113672483972e-02
-1.394882074996902505e-02
4.299202135585251591e-03
-2.718123827705400467e-02
-7.567903671567083150e-03
1.541171513537074877e-02
-2.303009573434654234e-02
-3.084425849581441670e-02
-1.875660857283556471e-02
-2.151837075895414453e-02
-2.103848265738656256e-02
-5.853684983538858487e-03
3.395441485101700040e-03
-1.487256699111657622e-02
6.610899010597956482e-03
-7.225664840380675554e-05
-6.472164749484772724e-03
1.303776767200102472e-02
-2.739622832609895850e-02
-9.641632857509496377e-03
-4.068557074804430435e-03
-2.478397830569854018e-03
-1.584155678717690668e-02
-6.592070911996263452e-03
-1.184899904577046796e-02
-4.523890751423987298e-03
-7.230447327143602228e-03
-9.226372054714878507e-03
3.659673211512383135e-03
-1.831681611882214275e-02
-2.939753008116627840e-03
-9.865230643742915750e-03
-1.183266716226619338e-02
6.895919081575800288e-03
-2.331912566276778120e-02
8.267969428322035838e-03
-7.269468044116366226e-03
1.287606344741322115e-02
2.588699231208847502e-03
-1.005408458439794542e-03
1.974763662079183617e-03
-1.291511089959873279e-02
-2.369416080422841880e-02
-6.486085920197110291e-03
-1.962072923211454628e-02
-1.439899561926496867e-02
-2.384773302677042212e-02
1.744401536261618903e-03
1.666699781316047582e-02
3.893462723493838935e-03
-1.206354403839136544e-02
-1.787599310880218229e-02
-3.391364661982699136e-03
8.422377485426816787e-03
-2.344190222744587054e-04
-2.018913162388956059e-02
-1.097049971430047108e-02
2.032895749579761990e-02
-1.620032384237408973e-02
-1.547009152760205758e-02
2.884342307440617911e-03
1.886678279114696252e-02
-1.371396639081189084e-02
-2.379138081683544390e-02
1.801677077018740830e-02
-2.242823955095886099e-02
-1.138284056727642893e-02
-1.458212728456326560e-02
-3.019161564450879159e-02
-2.353730251018467876e-02
-1.211463799075973395e-02
-4.151936936644936259e-03
1.500853744916296438e-02
3.723221943840609050e-03
-5.121440969745999321e-03
-1.561608989118530751e-02
9.625124783798731307e-03
-2.804726281474035840e-02
-4.468442939926869396e-03
2.028333521962663241e-02
-2.673979300993978986e-02
5.929795866078230691e-03
1.232319412903822020e-02
5.972602634628722436e-03
1.268298450268944173e-02
1.113556886580077329e-02
-2.811682919841148806e-02
-8.727793215403682053e-03
-2.733032684163411857e-02
-2.438863668079745833e-02
3.770143269631663022e-03
1.198726425350904977e-02
1.178242331412132811e-02
4.252565805821822281e-03
-3.576113136552730616e-03
-4.958306166338743342e-04
7.852510252438162433e-03
6.541649124571222336e-03
-1.025185687040343891e-05
-1.276240242014489885e-02
-1.090084254788928515e-02
-1.192483530735146020e-02
-5.441806645201023238e-03
-1.508575807700842340e-02
-9.883659249380890438e-03
-5.223183634254112938e-03
-1.138451747804179390e-02
-3.952116554443317088e-03
-2.554721087622420506e-02
9.999824599719037491e-03
8.432254009564611394e-03
-2.683293157715875565e-02
2.686823619233028645e-03
1.224406038246002998e-02
-1.294528569915684608e-02
-1.114868320188657988e-02
-4.460468337106812502e-03
-1.234017877719068360e-02
1.743544573202890705e-02
9.168462343603877825e-04
-2.212925785565217698e-02
-1.726429373753666022e-02
-1.824241511305760288e-02
-1.332243316928724032e-02
-1.248504224935861190e-02
-2.678137338870671333e-02
9.640160681571528431e-03
2.352254708022137684e-03
-3.069896459020541105e-02
-1.544135922638536183e-02
-3.498279878640052180e-03
-2.717343885949757842e-02
-1.193679855039609349e-02
5.183352743282312880e-03
-1.905747564455103835e-02
-1.450042681853264299e-02
4.337434093264193823e-04
1.082445211119814100e-02
9.671121447639303634e-03
-6.905495364743234957e-03
-4.012795845056713398e-03
9.173484389400401659e-03
2.519033235776749527e-04
2.301486235788513177e-02
-1.646450420997115638e-02
-2.925801104321020321e-02
1.538911611373941675e-02
-1.501918184209241960e-02
1.114841204616921592e-02
1.169072943202768659e-02
1.686876677513584320e-04
6.589274424992520342e-03
-2.772295204534797053e-02
-2.535215138907069218e-02
-2.959987342059392998e-02
1.239125433291440002e-02
-1.590508884265791692e-02
-1.424781618383618928e-02
-1.945631425440468021e-02
1.811618588352532574e-02
6.415959087378833928e-03
2.374774128387939238e-03
1.925508225872716098e-02
-2.738054445599969432e-03
-1.241065002688574066e-02
-7.448939559882306874e-04
-1.016195214713428059e-02
-1.562613610712905790e-02
-9.762411295025811425e-03
-8.611466937888985138e-03
-1.561066074153824590e-02
1.553425909956732305e-02
-1.816087684959094561e-02
1.165457238802197065e-02
-2.424311695733931404e-02
2.224214542956488763e-03
8.567682065833146302e-03
-7.356913818199849533e-03
-4.483143329695419167e-04
-1.698372177815193201e-02
-1.867485060851240344e-02
-4.394710007040967224e-03
4.015230051180757390e-03
7.085942763474632061e-03
4.095563663063902377e-03
2.419698087407274809e-02
1.084080985269466127e-02
-1.962322689023295041e-02
1.603651135830874361e-02
-2.556495184498418574e-02
7.438510714280971783e-03
1.084492696384591059e-02
-8.909054513065639905e-03
-1.685213331359442651e-02
9.564585149462264194e-03
2.800539171216443607e-02
-2.425280644321603160e-03
-1.354832381341940228e-02
-2.033745548685767998e-02
-1.163789655894760522e-02
-2.611631956680260727e-03
-2.922584453837083832e-02
-1.442716600346898720e-02
-9.050113256065946479e-03
-5.937173153150226458e-03
-2.218729800441012617e-02
7.897348070985209245e-03
7.488802569056198129e-03
-7.294427346967615041e-04
-2.564737610639795939e-02
1.219016679944965199e-03
-3.250503781548291088e-02
1.272252851158688601e-02
7.628169184141501058e-04
6.156362767391516944e-03
9.781510615331216740e-03
1.876396648300361809e-04
1.390690405352438229e-02
-1.752030433064608039e-02
5.458864335060107167e-03
-1.501138210555787687e-02
-1.210775413260411354e-02
-2.431393294681067491e-02
2.206328464761145997e-02
-1.059301404459076987e-02
1.446848886721973683e-02
7.647515126193558770e-03
1.004767921367206128e-02
-3.005307401067751696e-02
-1.141134649866414399e-02
-8.967611862798650565e-03
-1.778992828494890127e-02
4.577532035271064323e-03
1.116883666049922966e-02
-2.322960490183038473e-03
-2.494102276887671943e-02
1.210677962633575216e-02
-6.910055360907227731e-03
-2.755200308707917486e-03
-2.517479985078169627e-03
-1.488599208700546947e-02
-4.434591243105135729e-03
-8.732676225696704361e-03
-2.286473807494411245e-02
-9.954437207875341947e-03
-1.109559439706844265e-02
2.909410398447139640e-02
-2.214205380004204485e-02
-2.275850974148923428e-02
-7.231806238482097263e-03
1.210325080986645631e-02
-1.037431392760025488e-02
4.245800503767795803e-03
1.044136669376074904e-02
-6.198931438072265501e-03
1.587159077899613288e-02
5.916527937482884275e-03
-1.131543236649125948e-02
-2.596383824968056045e-02
-1.904759655469818666e-02
-3.623830028460645926e-03
-2.643970387087067608e-02
-1.007279810275919438e-02
1.116708368071313989e-02
-2.224973892533949754e-02
-2.111324448928541403e-02
-2.491897312258749275e-02
9.168605059611669578e-03
2.736163645806821438e-03
-9.238742264672844713e-04
-8.727853908086712423e-03
-7.038613167821371587e-04
-9.118993179355138964e-03
-9.418507242648274311e-03
-1.405290518801013792e-02
-2.303744376971001220e-02
-2.352256891294833563e-02
-1.373394408616668630e-02
6.999716659672412626e-03
2.902442025032080097e-02
5.251449849516399981e-03
-1.508192302425208353e-02
-1.689107517496253597e-02
-6.210006943139303320e-03
1.312339408473216576e-02
-1.808464200023424118e-02
9.414525548874647098e-03
-1.334817408998099399e-02
1.368557766199163597e-02
1.997147485066611688e-02
-1.761056179077075123e-02
-2.981920315804292647e-04
-1.144410543602998077e-02
-2.360150275512829313e-02
-5.893561996027247077e-03
-2.340796665398911167e-02
-4.452236324771790231e-03
7.836915169155683888e-04
-1.660716377411862107e-02
-2.037094586648664427e-02
1.155785416731677784e-02
-6.010587268255995069e-03
-2.871133037814077235e-02
1.038718110747879723e-02
-1.633434946792544640e-02
5.603689513179251503e-04
1.893067299924716673e-02
1.356268015770765827e-02
-9.337363027289029976e-03
1.867782181188701969e-03
-1.186253773074335063e-02
-8.718961102858734449e-03
3.394530640767945851e-03
1.399904668445688984e-02
-1.179494532973861080e-02
-7.008016809856828025e-03
-1.690175234664964554e-02
1.027676450877779667e-02
-2.988660275366697839e-04
2.043983748330717443e-02
8.563851147253859208e-03
-2.713723056639454068e-02
-5.573739593934613594e-03
-3.013222880652877481e-02
-4.163177095693378245e-03
1.922243162266433839e-02
1.688797474029983580e-03
5.491117541828646406e-03
6.574374639951493507e-04
5.833784218816901292e-04
8.605992781031449393e-03
-2.445393857443435917e-02
9.778413249027688783e-03
-1.668271000729999384e-02
1.125771509242797820e-02
-8.084665107554778879e-03
-1.310307179295495950e-02
-1.490401179589639219e-02
-3.284110448350932576e-02
-1.868584875109597504e-02
-7.308309145975632436e-03
-9.826156412676681842e-03
1.312888067927939564e-02
-2.595120250328517356e-02
-2.138595872658279745e-02
-2.009378672209084088e-02
-2.640512692723696528e-02
-3.889232289198455393e-03
-1.767179247980951717e-02
7.617901503923336058e-03
7.116652497554967934e-03
-1.362174317083222203e-02
-3.250325046414892505e-02
6.189912169366878700e-03
-4.545834789721203695e-03
1.233868898480205631e-02
-2.762479077418060133e-02
-2.316657627123975410e-02
-1.984112316983763571e-02
-2.302385756890431776e-02
7.672540892786349452e-03
-4.538280616501209029e-03
-1.172644206505126310e-02
-1.468896740772141288e-02
1.281213444231137089e-02
1.532333303775209286e-02
-1.655028171026527370e-02
1.149466642651543295e-02
-9.371265822727714231e-03
-1.841811580104579793e-02
-2.814846677828987051e-02
-3.404963249026556320e-03
1.878711741007410736e-03
-2.877231013084957656e-02
7.080673392874368456e-03
-2.074901403977218173e-02
9.919386652667389406e-03
-1.662568062777918659e-02
6.758151864639846268e-03
-2.056899058134076946e-02
2.765846794697809159e-04
-1.643118427412257332e-02
-2.921586406376205577e-02
-3.391601398310142151e-02
-1.589834796354853627e-02
-1.040082511760124021e-02
7.044941500056724204e-03
-2.095600414460556393e-02
-1.504084618388652934e-02
8.366528596478184365e-03
1.689978656598765949e-02
7.994959082245985463e-03
-1.139201716964519107e-02
6.543890570046712865e-04
-2.479504008603652596e-02
4.210980897910119106e-03
1.156934285686724018e-02
-2.057177975610551424e-03
-1.897883645035653311e-03
7.140164176329870035e-03
6.117481399608229453e-03
-1.665762459181212296e-02
-9.743209023080112762e-04
-7.818297732714980797e-03
-1.950418712280026570e-02
-1.735561966365806175e-02
1.367686967490839081e-03
-9.021357750516229707e-03
-1.522354972681703479e-03
-4.800504755013641593e-03
1.651346886135799871e-02
-4.077108237817595772e-03
-2.669399640129342037e-04
1.979175226069630755e-02
-1.142196886791957628e-03
-3.784307599356738060e-03
2.149887084087531014e-02
2.648215030227390673e-03
3.257710596526644086e-03
-5.634413655342388437e-03
1.084875803221493733e-02
4.521668187525873690e-03
-6.551389238712790331e-03
-1.259966521593895196e-02
-1.669690088395322375e-02
4.157084962604229959e-03
4.167746795291023959e-03
-2.376194594943566510e-03
-2.890932067341520084e-02
-1.158457515233902741e-03
-3.126262438275536487e-02
-3.138272694973347904e-02
9.702679435903558552e-03
9.510528177366512834e-03
-2.266140612555006886e-02
-1.524582700707563868e-02
-1.242629479009014614e-03
3.101571798727546358e-03
-9.903062194533270371e-03
-1.546703308533263314e-02
-1.839972273494766206e-02
-1.814158531921629056e-02
5.825049813566165937e-04
1.937723856312211163e-03
-1.265056095406845481e-03
4.306705543979380719e-03
-1.147648749400536142e-02
-3.317380368223487447e-02
-1.307090342112521113e-02
-2.538438628088267313e-02
-9.567032566801501187e-03
-1.866003982809822867e-02
5.785551524218890407e-03
-1.471470684970843310e-02
5.876959175073200904e-03
-3.252370964948932824e-02
-1.856207751114741580e-02
6.476635630018211763e-03
1.738067598418987711e-02
-3.308634744602680783e-02
-2.126985443660991612e-02
9.841959208465230272e-03
-6.251170421929767504e-03
-1.510424923077055386e-02
-1.287337460685291160e-02
4.832262141572121576e-03
-1.781944581512887732e-02
1.627362530695375051e-02
-1.728093554846567639e-02
-9.427439873970528891e-03
-1.757278899249914081e-02
-2.320244969312233382e-02
-1.261404231050870794e-02
-1.416069065354515905e-02
-3.581480681004395837e-03
-1.875442299049342315e-02
-1.342685911567940201e-03
-1.169563881184196470e-02
-3.246938622681206071e-03
-2.780284875291480495e-02
2.581817411282723296e-02
7.837928949656798594e-03
-1.049414421479124247e-02
3.076276665814597650e-03
-2.553555985162497127e-02
-1.069699121121079483e-02
-1.178992474405735243e-02
1.865395104394797221e-03
-2.367785881835194478e-02
6.940589136878388445e-03
-1.805559442063166958e-02
9.351500967333574790e-03
-1.934910930687523678e-02
-2.040985133441310020e-03
-1.337352274469212100e-02
-9.068415392753220380e-03
-1.996256253204724967e-02
-2.655054210761589178e-02
1.941606310796783683e-02
-2.234650371508298261e-02
-3.651506913798674859e-03
-9.432366725403635351e-04
-1.689602931091424131e-03
-1.093048280751237689e-03
4.127114136555060965e-03
1.027071690475740663e-03
-9.519872985998108217e-03
6.077617275995509868e-03
-9.631422893812840308e-03
1.416424963146875257e-02
-2.016537110189241255e-02
3.649954656107744482e-03
-6.891834858437455996e-03
-2.243261076538199950e-02
-1.018651965145929081e-02
-1.127733336808555212e-02
-2.028633137870748324e-02
-2.025964427610678006e-02
-2.889021517346044080e-02
-7.008624104393097222e-03
-1.187488636377205878e-02
1.242760253331281865e-02
-2.318616329632793016e-02
2.171612235387671355e-02
-2.152370485061196395e-02
-1.017389762630751225e-02
-8.606156556342002203e-03
-1.605316816998169846e-02
-5.917223089013483317e-03
-1.537886063791019282e-02
-1.251101971627105458e-02
3.462629097716797381e-03
1.068493516373382295e-02
-7.882051277851270799e-03
-1.023629057730151767e-02
-1.272662828451125334e-02
9.145675025817767007e-03
-1.840392578805952542e-02
-5.852488458248747416e-03
-5.998769585850605157e-03
1.155576804923086343e-02
-4.262163360214395007e-03
-4.375979724253002516e-03
-1.426227441510514483e-02
-2.571607534183900298e-02
-2.140779794978342129e-02
1.264139184118113352e-02
-4.654629546547008577e-03
-1.066314568188421810e-02
-2.399584419793800855e-02
1.586049822311373994e-02
-1.325901305555135870e-02
-3.905631791188991613e-03
2.586065388283192296e-03
-1.580164553196287611e-02
-2.399167152768125547e-02
-3.137636152351728960e-03
-1.064432378425064427e-02
-1.915804974541581232e-02
-2.275918746837172005e-02
-2.741229778812627124e-02
4.569351129707526112e-03
-2.205024857544543235e-02
-4.298886991702574253e-03
4.859775397086851453e-03
1.634712366103689349e-02
-2.417921038641016040e-02
3.663392123882719311e-03
-2.239961530140712268e-02
-1.894961496834852988e-02
-1.494597100951511846e-02
7.865306650737827199e-03
-1.378062900780530758e-02
1.582843209035388055e-02
-2.369227818230098051e-02
-1.456683993355706655e-02
-3.370272147515587097e-03
-2.274541252781053791e-02
-1.694331441476078226e-02
-2.451668763657789078e-03
-3.021249477877466574e-02
-3.870928070349033282e-04
2.685809986429953718e-04
8.649333308484049437e-03
-1.060000788918561733e-02
5.260067098136198167e-03
-5.522028643730654725e-03
-4.954181443997527322e-03
-2.129830240884156897e-03
8.109482376795835307e-03
-6.703647313184592921e-03
-2.595091183673715884e-03
5.855971010674418560e-03
3.785491399608345749e-03
-1.942465771870666505e-02
1.481176763563962426e-02
-7.256531428334526794e-03
-2.799160095223376683e-03
-1.804292570792030009e-02
1.682275643445572261e-02
1.383595398648571236e-02
-4.000762128173865340e-03
5.097465951844733917e-03
7.990272368575505055e-04
-1.441388000367777467e-03
2.292412161530155146e-02
-1.977165282050151809e-02
