8.590295031852108742e-01
8.186596919522086679e-01
7.769813840573966957e-01
6.511129587582118461e-01
8.999726115600282794e-01
6.373438420186593456e-01
7.440982465518080069e-01
6.014963914257369648e-01
6.524399187437431857e-01
7.143224966069964266e-01
6.265144213133488904e-01
5.821379042359839939e-01
5.292259934273393363e-01
6.680459998273815536e-01
9.182950398957722138e-01
5.643555380190641291e-01
6.064679020716322588e-01
7.156563735997746312e-01
7.063932040836293780e-01
6.176160043975730263e-01
8.762463194580489834e-01
5.695755870918904895e-01
6.818240613360690983e-01
8.395296103533714804e-01
5.616142433530733058e-01
6.292012048052154638e-01
